0 -12.6233 -16.6232 42.9451
1 -3.02668 -7.02663 18.0863
2 -1.1918 -5.19176 12.4603
3 -0.158709 -4.15866 10.4201
4 0.620767 -3.37919 13.2551
5 1.35734 -2.64262 15.2775
6 2.12772 -1.87224 17.334
7 3.00242 -0.99753 17.0599
8 3.83288 -0.167078 15.2866
9 4.53359 0.533636 11.8681
10 4.7293 0.729344 10.7376
11 4.62541 0.625453 10.7093
12 4.51461 0.514657 10.1517
13 4.36497 0.365018 10.1994
14 4.09287 0.0929188 10.5559
15 3.92069 -0.0792678 9.67787
16 3.58208 -0.41787 10.2695
17 3.3874 -0.612559 9.39651
18 3.32432 -0.675632 8.28002
19 3.27872 -0.721232 8.47812
20 3.29671 -0.703244 7.63891
21 3.32213 -0.677826 7.2076
22 3.36227 -0.63768 7.27663
23 3.39432 -0.605638 7.06416
24 3.33883 -0.661121 6.91078
25 3.35562 -0.64433 6.78843
26 3.27187 -0.728082 7.03639
27 3.20819 -0.791762 6.61974
28 3.26129 -0.738665 5.49291
29 3.30296 -0.696997 6.02028
30 3.30903 -0.690929 5.49103
31 3.35653 -0.643427 5.1201
32 3.36259 -0.637367 5.83559
33 3.3131 -0.686855 5.15383
34 3.28873 -0.711226 4.85373
35 3.35404 -0.645915 4.43575
36 3.33724 -0.662717 4.67306
37 3.30255 -0.697407 5.41471
38 3.09521 -0.904742 5.14693
39 3.01899 -0.980966 4.62956
40 3.02433 -0.975629 3.79156
41 3.06004 -0.939919 3.61383
42 3.22987 -0.770084 2.77296
43 3.35958 -0.640376 3.463
44 3.41852 -0.581435 3.07035
45 3.42931 -0.570649 3.51314
46 3.25759 -0.742361 4.72939
47 3.20723 -0.792729 2.82397
48 3.19522 -0.804731 3.55633
49 3.14966 -0.850294 3.07128
50 3.19027 -0.809687 2.50454
51 3.10692 -0.893035 3.56929
52 3.0915 -0.908455 2.50984
53 3.11492 -0.885035 2.30267
54 3.19099 -0.808965 1.68134
55 3.21525 -0.784706 2.80601
56 3.17114 -0.828814 2.26391
57 3.12762 -0.872339 2.35594
58 3.17325 -0.826707 1.95629
59 3.18054 -0.819415 1.34589
60 3.26921 -0.730745 1.45865
61 3.32069 -0.679262 1.58033
62 3.41967 -0.580287 1.48372
63 3.3258 -0.674157 3.03129
64 3.22467 -0.77529 2.48008
65 3.11474 -0.885212 2.28723
66 3.07192 -0.928037 2.26119
67 3.03209 -0.967867 1.90474
68 3.07146 -0.928491 1.402
69 3.18091 -0.819049 1.57979
70 3.22508 -0.774879 1.26917
71 3.28216 -0.717799 1.21733
72 3.19798 -0.801978 2.67719
73 3.19378 -0.806171 1.03642
74 3.23477 -0.765185 0.960856
75 3.26632 -0.733639 1.32771
76 3.15874 -0.841213 1.18658
77 3.17258 -0.827378 1.12418
78 3.19552 -0.804439 0.887444
79 3.18892 -0.811039 1.42047
80 3.16855 -0.831403 0.941
81 3.11468 -0.885277 2.42545
82 3.13944 -0.860518 1.17709
83 3.12999 -0.869968 1.2257
84 3.11198 -0.887972 1.02285
85 3.05073 -0.949224 1.65028
86 3.05149 -0.948466 1.04214
87 3.20626 -0.793694 0.909729
88 3.25774 -0.742216 0.726771
89 3.27228 -0.727679 0.593765
90 3.27393 -0.726028 0.564802
91 3.19217 -0.807789 2.30377
92 3.1356 -0.864355 0.434678
93 3.13222 -0.867734 1.6556
94 3.02473 -0.97522 1.6024
95 3.02322 -0.976736 0.369522
96 3.0877 -0.912257 1.24794
97 3.25644 -0.743515 1.79647
98 3.28516 -0.714793 0.784955
99 3.24055 -0.759408 0.628901
100 3.2605 -0.739458 2.13113
101 3.39922 -0.600731 1.30467
102 3.29986 -0.700098 0.748424
103 3.20382 -0.796131 2.15478
104 3.05476 -0.945199 2.39118
105 3.07294 -0.927012 2.13942
106 3.19068 -0.809271 0.457173
107 3.18693 -0.813022 0.293457
108 3.17315 -0.826801 0.835317
109 3.09046 -0.909492 1.71304
110 3.06146 -0.938492 0.785896
111 3.05219 -0.947763 0.479736
112 3.03803 -0.961922 0.426751
113 3.04175 -0.958207 0.695568
114 3.05268 -0.947279 0.576022
115 3.08061 -0.919342 0.85286
116 3.1311 -0.868852 0.672868
117 3.21141 -0.78854 1.35852
118 3.26536 -0.734593 1.14746
119 3.33328 -0.666671 0.656526
120 3.29503 -0.704925 0.69998
121 3.21094 -0.789012 1.87907
122 3.17121 -0.828746 0.511902
123 3.06634 -0.933619 1.51365
124 3.07559 -0.924369 1.27317
125 3.06879 -0.931162 0.315478
126 3.12904 -0.870918 0.734387
127 3.20013 -0.799825 2.18146
128 3.24159 -0.758369 0.94273
129 3.16337 -0.836582 1.33287
130 3.14566 -0.854296 0.490889
131 3.21748 -0.782471 0.822525
132 3.1342 -0.86575 2.01417
133 3.06989 -0.930063 0.422762
134 3.11865 -0.881309 0.430609
135 3.09417 -0.90579 0.603832
136 3.13666 -0.863294 1.39282
137 3.21765 -0.782303 0.493532
138 3.30822 -0.69173 3.62813
139 3.48493 -0.515027 0.614442
140 3.29889 -0.701068 2.43073
141 3.14409 -0.855865 1.18438
142 3.09326 -0.906697 1.01092
143 3.00073 -0.999225 1.79859
144 2.97763 -1.02233 0.443607
145 2.97123 -1.02872 0.950417
146 3.02288 -0.977071 1.65936
147 3.20569 -0.794262 1.99826
148 3.26164 -0.738313 0.640175
149 3.2385 -0.761452 0.303373
150 3.25689 -0.74306 0.811235
151 3.34296 -0.656993 1.24827
152 3.32313 -0.676824 0.405143
153 3.21884 -0.781114 1.82004
154 2.98952 -1.01043 10.1874
155 3.64617 -0.35378 9.36457
156 3.95025 -0.0497084 8.73471
157 3.233 -0.766951 6.91695
158 2.72842 -1.27154 6.22485
159 2.56418 -1.43577 3.33793
160 2.47745 -1.52251 2.80035
161 2.555 -1.44496 1.21795
162 2.71506 -1.2849 1.36092
163 2.86401 -1.13594 1.51863
164 3.03476 -0.965199 1.71248
165 3.10508 -0.894878 0.542554
166 3.2119 -0.788055 1.51721
167 3.28238 -0.717577 3.72695
168 3.46065 -0.539304 0.603758
169 3.35153 -0.648424 1.24433
170 3.23492 -0.765033 1.57241
171 3.2229 -0.777051 1.10697
172 3.14792 -0.852037 0.319435
173 3.10425 -0.895709 1.31659
174 3.11345 -0.886503 0.261298
175 3.06197 -0.937989 0.870733
176 3.12909 -0.870868 1.97566
177 3.16139 -0.838565 0.590698
178 3.20297 -0.796981 0.491616
179 3.19527 -0.804685 0.174656
180 3.171 -0.82895 0.255985
181 3.1914 -0.808555 0.213833
182 3.12567 -0.874285 0.990295
183 3.1781 -0.821853 0.674609
184 3.15885 -0.841108 1.43255
185 3.26447 -0.735481 0.475373
186 3.21339 -0.78657 0.327485
187 3.18861 -0.811344 0.320272
188 3.11977 -0.880183 0.977844
189 3.07819 -0.921764 0.74028
190 3.09981 -0.900143 0.376798
191 3.05876 -0.941193 0.72248
192 3.08468 -0.915276 0.530857
193 3.12177 -0.878186 1.21202
194 3.19236 -0.807591 0.357969
195 3.18351 -0.816443 0.793287
196 3.12639 -0.873565 0.678267
197 3.09867 -0.901284 0.524885
198 3.13624 -0.863719 0.403435
199 3.19876 -0.801192 1.12545
200 3.1829 -0.817053 0.467896
201 3.22083 -0.779126 0.343394
202 3.21301 -0.786943 0.335489
203 3.27563 -0.724329 1.64696
204 3.26087 -0.739084 1.21362
205 3.24414 -0.755812 1.33676
206 3.31275 -0.687202 1.1366
207 3.34462 -0.655336 1.20165
208 3.31485 -0.685101 0.638466
209 3.14347 -0.856481 2.43269
210 3.04549 -0.954467 1.35964
211 3.00499 -0.994961 0.507799
212 3.0568 -0.943158 0.669186
213 3.1087 -0.891256 0.304129
214 3.10946 -0.890496 0.872269
215 3.11442 -0.885536 1.19932
216 3.0598 -0.940157 0.595774
217 3.04735 -0.952605 0.705247
218 3.08762 -0.912339 1.53524
219 3.13765 -0.862305 0.657478
220 3.09797 -0.901984 0.527951
221 3.12473 -0.875224 1.2392
222 2.53945 -1.4605 23.1021
223 4.62836 0.628403 5.31995
224 4.63828 0.638328 10.2404
225 4.12881 0.128853 7.09621
226 2.99046 -1.0095 11.8828
227 2.42063 -1.57932 8.25589
228 2.21317 -1.78679 5.5854
229 2.12264 -1.87732 3.55247
230 2.25541 -1.74455 1.93333
231 2.50032 -1.49964 2.23068
232 2.7213 -1.27866 2.69687
233 2.92878 -1.07118 1.84163
234 3.12719 -0.872762 2.99671
235 3.30836 -0.69159 3.712
236 3.52694 -0.473019 1.36527
237 3.47021 -0.529741 0.719621
238 3.42088 -0.579075 0.794124
239 3.33166 -0.668291 1.83837
240 3.18327 -0.816685 2.06547
241 3.05635 -0.9436 1.68614
242 3.09531 -0.904647 2.53684
243 3.15853 -0.84142 1.38422
244 3.08697 -0.912984 1.51619
245 3.02211 -0.977843 1.1344
246 2.9986 -1.00135 0.978862
247 3.06258 -0.937372 0.651909
248 3.13562 -0.864339 1.5763
249 3.20018 -0.799775 1.31704
250 3.28118 -0.718775 0.54273
251 3.22213 -0.777824 1.13451
252 3.15962 -0.840332 1.36184
253 3.09454 -0.905413 0.958365
254 3.07833 -0.921626 0.898328
255 3.08797 -0.911986 0.625092
256 3.09711 -0.902841 0.55907
257 3.18964 -0.810312 2.8403
258 3.30337 -0.69658 0.510448
259 3.23824 -0.761717 0.910638
260 3.21028 -0.789675 0.692285
261 3.12733 -0.872626 1.08632
262 3.11649 -0.88346 1.79031
263 3.20075 -0.799202 0.890903
264 3.21141 -0.788542 0.507345
265 3.15764 -0.84231 0.698035
266 3.16987 -0.830087 0.565908
267 3.16571 -0.834242 1.244
268 3.06163 -0.938322 1.05787
269 3.01948 -0.98047 0.742397
270 3.01345 -0.986501 0.498514
271 3.0922 -0.907757 1.26871
272 3.13956 -0.860397 0.475643
273 3.15718 -0.842771 0.840622
274 3.16116 -0.83879 0.483306
275 3.13489 -0.865069 0.469003
276 3.17398 -0.825979 1.8643
277 2.14993 -1.85003 27.3465
278 4.86637 0.86642 7.51905
279 3.77345 -0.226509 9.42643
280 3.34485 -0.655102 2.05421
281 2.86084 -1.13912 7.9599
282 2.56385 -1.4361 4.85714
283 2.46291 -1.53704 2.9354
284 2.48407 -1.51588 1.41023
285 2.55508 -1.44488 1.04855
286 2.66455 -1.3354 1.01558
287 2.8329 -1.16706 2.92687
288 3.09322 -0.906737 2.27885
289 3.16345 -0.836503 0.658163
290 3.26465 -0.735304 4.0756
291 3.45205 -0.547904 0.969265
292 3.39766 -0.602297 1.07703
293 3.34663 -0.653325 0.688569
294 3.24931 -0.750647 1.74408
295 3.19762 -0.802333 0.305968
296 3.11442 -0.885534 1.48448
297 3.02984 -0.970116 1.19812
298 3.05023 -0.949729 0.904454
299 3.07137 -0.928589 0.789626
300 3.04367 -0.956289 0.481811
301 3.03812 -0.961831 0.315396
302 3.12745 -0.872506 1.62755
303 3.15883 -0.841127 0.326562
304 3.18212 -0.817834 0.733539
305 3.20794 -0.792012 0.423504
306 3.14872 -0.851233 0.414601
307 3.18102 -0.818937 1.6987
308 3.30109 -0.698867 0.936113
309 3.55278 -0.447172 6.00864
310 3.49228 -0.507679 2.81155
311 3.23833 -0.761621 2.64086
312 3.08763 -0.912322 1.43435
313 3.04957 -0.950388 0.909038
314 3.0745 -0.925456 0.563026
315 3.10547 -0.89448 1.10906
316 3.15473 -0.845226 0.543757
317 3.14479 -0.855167 0.648899
318 3.25925 -0.740706 2.18859
319 3.28207 -0.717885 1.19315
320 3.13907 -0.860882 1.53113
321 3.09779 -0.902164 0.66947
322 3.09415 -0.905808 0.497968
323 3.13795 -0.862004 0.697511
324 3.19594 -0.80401 0.300967
325 3.30602 -0.693937 9.14278
326 3.69938 -0.300578 2.16074
327 3.43687 -0.563083 3.26007
328 3.17092 -0.829037 2.92008
329 3.04692 -0.953039 3.55597
330 3.20579 -0.794162 3.24322
331 2.96068 -1.03927 3.01739
332 2.9425 -1.05745 0.921508
333 2.89704 -1.10292 0.604157
334 2.92182 -1.07813 1.57328
335 2.99356 -1.00639 2.61845
336 3.13633 -0.863626 0.47538
337 3.17525 -0.8247 0.778681
338 3.11876 -0.881199 1.15802
339 3.10912 -0.89083 0.686158
340 3.10935 -0.890609 0.929882
341 3.06259 -0.937369 0.662095
342 3.06107 -0.938885 0.528864
343 3.13585 -0.864103 0.998605
344 3.2051 -0.794854 0.55934
345 3.19706 -0.802893 0.405451
346 3.22233 -0.777628 0.498352
347 3.26939 -0.730568 2.11933
348 3.34891 -0.65104 0.761993
349 3.43763 -0.562329 1.67078
350 3.25678 -0.743179 2.43294
351 3.11686 -0.883097 1.91964
352 3.07715 -0.922805 1.53459
353 3.13155 -0.868403 0.81025
354 3.05225 -0.947703 1.51635
355 3.11637 -0.883582 2.73146
356 3.25297 -0.746982 1.10838
357 3.16626 -0.833696 1.66611
358 3.15059 -0.849363 1.51053
359 3.20331 -0.796643 0.730045
360 3.26188 -0.738073 0.405894
361 3.17473 -0.825229 2.0818
362 3.13245 -0.867507 1.09214
363 3.1602 -0.839755 0.847455
364 3.1315 -0.868451 0.506685
365 3.20328 -0.796677 1.34014
366 3.16391 -0.836049 1.97954
367 3.06243 -0.937524 0.623279
368 3.07211 -0.927846 0.499931
369 3.02123 -0.97872 1.16191
370 3.02832 -0.971635 0.446223
371 3.02029 -0.979666 0.607839
372 3.02559 -0.974367 0.653576
373 3.11982 -0.880133 1.92502
374 3.22915 -0.770808 0.609592
375 3.2608 -0.739154 1.48234
376 3.32479 -0.675161 1.04127
377 3.49832 -0.501636 3.9613
378 3.37258 -0.627372 8.30626
379 3.91805 -0.0819085 2.65956
380 3.46022 -0.539739 6.03185
381 3.12229 -0.877666 2.89712
382 2.88527 -1.11468 3.86244
383 2.78514 -1.21481 1.91029
384 2.80153 -1.19842 0.539497
385 2.9012 -1.09875 0.650058
386 2.8902 -1.10975 1.36584
387 2.92602 -1.07393 0.602084
388 3.01574 -0.984215 1.69945
389 3.09604 -0.903916 0.851134
390 3.19938 -0.800575 1.09814
391 3.2172 -0.782757 0.406039
392 3.20114 -0.798813 1.08803
393 3.20957 -0.790384 0.374893
394 3.17651 -0.823446 1.1365
395 3.16537 -0.834582 1.52308
396 3.2493 -0.750651 0.45418
397 3.22324 -0.776717 0.444182
398 3.24064 -0.759317 0.608424
399 3.21795 -0.782004 0.828913
400 3.2418 -0.758154 0.912107
401 3.11596 -0.883995 1.68775
402 3.04697 -0.952986 0.376069
403 3.07975 -0.920203 0.352062
404 3.09317 -0.906789 0.563288
405 3.06635 -0.933605 0.412766
406 3.09905 -0.900909 0.325183
407 3.15109 -0.848864 0.911899
408 3.29966 -0.700297 4.17567
409 3.49404 -0.505912 1.48458
410 3.38121 -0.618748 2.73047
411 3.18517 -0.814787 2.21512
412 3.10599 -0.893968 0.998014
413 3.20657 -0.793385 0.815559
414 3.11391 -0.886047 2.15279
415 3.07141 -0.928542 0.486571
416 3.119 -0.880959 0.525992
417 3.11533 -0.884628 0.81953
418 3.12698 -0.87297 1.0311
419 3.06205 -0.937908 0.266464
420 3.04604 -0.953915 1.09337
421 3.00879 -0.991168 0.669235
422 3.04687 -0.953083 0.761357
423 3.0695 -0.930451 0.307192
424 3.12625 -0.873705 1.89782
425 3.19364 -0.806318 0.461847
426 3.20013 -0.799826 0.601337
427 3.26526 -0.734693 1.3937
428 3.30518 -0.694777 1.44141
429 3.36884 -0.631111 0.522274
430 3.26404 -0.735917 2.00254
431 3.14473 -0.855228 1.49307
432 3.07595 -0.924007 0.452375
433 3.09081 -0.909146 0.899433
434 3.14315 -0.856804 0.321652
435 3.13403 -0.865927 0.197015
436 3.14089 -0.859068 0.465848
437 3.16822 -0.831738 0.237225
438 3.1644 -0.835553 1.01602
439 3.22788 -0.77207 0.565454
440 3.15581 -0.844142 0.774382
441 3.23529 -0.764667 1.67313
442 3.25717 -0.742786 0.491611
443 3.17062 -0.829336 1.6877
444 3.05539 -0.944564 1.50156
445 3.03769 -0.962263 0.232175
446 3.02548 -0.974475 0.596727
447 3.09055 -0.909403 1.42996
448 3.13189 -0.868067 0.756236
449 3.08972 -0.910238 0.550395
450 3.1274 -0.872559 1.53717
451 3.21819 -0.781765 0.561466
452 3.2354 -0.764553 0.218237
453 3.24423 -0.755727 1.12423
454 3.23753 -0.762421 0.880147
455 3.20832 -0.791637 0.341017
456 3.12758 -0.872373 1.30401
457 3.1305 -0.869456 1.65397
458 3.18811 -0.811849 0.30137
459 3.13715 -0.862808 1.30368
460 3.05897 -0.940987 1.04708
461 3.03868 -0.961271 0.275488
462 3.11407 -0.885884 1.41757
463 3.19704 -0.802919 0.19546
464 3.21555 -0.784404 1.22033
465 3.29246 -0.707493 0.270302
466 3.26623 -0.733725 1.54936
467 3.25653 -0.743428 1.77673
468 3.14057 -0.859383 0.931915
469 3.06441 -0.935545 1.48243
470 2.99504 -1.00491 1.08148
471 2.96985 -1.0301 0.637062
472 3.01871 -0.981246 0.863548
473 3.09675 -0.903209 0.798466
474 3.15275 -0.847206 0.766141
475 3.20663 -0.793327 0.641137
476 3.25195 -0.748001 1.28079
477 3.23886 -0.761099 0.920009
478 3.20853 -0.791429 0.181795
479 3.15717 -0.842786 0.958378
480 3.10517 -0.894787 0.504958
481 3.16801 -0.831947 1.02645
482 3.16076 -0.839197 0.850748
483 3.16575 -0.834209 1.3421
484 3.27964 -0.720319 2.20411
485 3.34397 -0.65598 0.724997
486 3.25942 -0.740538 0.577793
487 3.21852 -0.781437 1.03128
488 3.17034 -0.829616 0.338134
489 3.09726 -0.902695 0.452306
490 3.05607 -0.943888 1.37383
491 3.04363 -0.95632 0.677045
492 3.13755 -0.862403 1.11046
493 3.19454 -0.805419 0.216785
494 3.15359 -0.846361 0.687154
495 3.15548 -0.844476 1.03421
496 3.15476 -0.84519 1.17183
497 3.14948 -0.850475 1.16839
498 3.41699 -0.582964 3.75473
499 3.33299 -0.666967 0.55928
500 3.266 -0.733956 0.909979
501 3.21185 -0.788107 0.285656
502 3.14176 -0.858198 1.96843
503 3.07668 -0.923278 0.665856
504 3.01432 -0.985632 1.52346
505 3.02002 -0.979934 1.35595
506 3.11324 -0.886715 0.325798
507 3.19341 -0.806547 10.5962
508 3.85683 -0.143125 1.0512
509 3.64501 -0.354949 2.09224
510 3.38687 -0.613084 3.7209
511 3.03146 -0.968498 3.04168
512 2.83879 -1.16116 3.4722
513 2.83848 -1.16148 0.946439
514 2.90558 -1.09438 0.716268
515 3.03134 -0.968611 1.22688
516 3.071 -0.928959 0.645051
517 3.11893 -0.881023 0.885561
518 3.13365 -0.866307 0.956886
519 3.09856 -0.901391 0.787855
520 3.06556 -0.934396 1.07795
521 3.07163 -0.928324 0.520779
522 3.13936 -0.860597 0.781876
523 3.16139 -0.838561 0.50561
524 1.65929 -2.34067 29.588
525 4.82327 0.823317 10.3099
526 3.66448 -0.335479 9.38542
527 2.99581 -1.00414 5.82574
528 2.91606 -1.08389 4.48305
529 2.59755 -1.40241 5.30613
530 2.55341 -1.44655 1.52447
531 2.59837 -1.40158 1.29313
532 2.62222 -1.37774 1.15578
533 2.71712 -1.28283 1.42899
534 2.90054 -1.09942 1.56045
535 3.04453 -0.955429 1.64513
536 3.17053 -0.829422 1.52701
537 3.23304 -0.766915 1.51042
538 3.34624 -0.653719 1.95316
539 3.36453 -0.635424 1.06438
540 3.25936 -0.740599 1.01084
541 3.27997 -0.719988 0.643429
542 3.43647 -0.563486 8.03039
543 2.83585 -1.1641 24.056
544 4.83782 0.837867 11.3254
545 3.58483 -0.415123 10.6427
546 2.89372 -1.10623 7.28696
547 2.3815 -1.61845 7.71327
548 2.23349 -1.76647 4.00668
549 2.2311 -1.76886 2.84711
550 2.33223 -1.66772 1.44373
551 2.54489 -1.45506 2.41653
552 2.69235 -1.30761 3.20077
553 3.04357 -0.956385 1.39396
554 3.18246 -0.817497 5.1606
555 3.47706 -0.522895 1.14092
556 3.42324 -0.576716 0.856651
557 3.36212 -0.637832 0.510874
558 3.2892 -0.71075 1.41144
559 3.16359 -0.836363 1.32626
560 3.1365 -0.863454 0.604729
561 3.18497 -0.814988 0.996097
562 3.2164 -0.783558 0.461711
563 3.19988 -0.800079 0.855025
564 3.21798 -0.78197 0.554524
565 3.26751 -0.732442 2.33965
566 3.29471 -0.705248 1.09667
567 3.14319 -0.856765 2.03776
568 3.01591 -0.984046 1.67973
569 2.9493 -1.05065 1.11692
570 2.96173 -1.03823 0.77103
571 2.98339 -1.01657 1.36644
572 3.0751 -0.924852 0.431915
573 3.11686 -0.883093 0.954357
574 3.17236 -0.827594 1.29247
575 3.28152 -0.718431 1.33337
576 3.31395 -0.686008 0.456756
577 3.31063 -0.689328 1.10794
578 3.34336 -0.656595 0.692174
579 3.26307 -0.736881 1.97558
580 3.14525 -0.854709 1.51471
581 3.05784 -0.942113 0.414982
582 3.08529 -0.914663 0.332038
583 3.04498 -0.954977 1.04556
584 3.0536 -0.946352 0.466716
585 3.07422 -0.925739 0.454866
586 3.08453 -0.91542 0.511267
587 3.12344 -0.876515 2.06564
588 3.2512 -0.748757 0.373447
589 3.20073 -0.799222 0.982374
590 3.13241 -0.86754 0.805754
591 3.08767 -0.912285 0.611583
592 3.14874 -0.851219 2.07872
593 3.19123 -0.808721 0.799479
594 3.1931 -0.806859 1.40792
595 3.25586 -0.744094 0.207407
596 3.23456 -0.765394 0.236396
597 3.22829 -0.771662 0.887756
598 3.22281 -0.77714 0.44373
599 3.19909 -0.800867 0.59528
600 3.16488 -0.835072 0.284637
601 3.136 -0.863954 1.02686
602 3.12289 -0.877066 0.549099
603 3.09862 -0.901337 0.193825
604 3.10917 -0.890784 0.26016
605 3.15067 -0.849289 1.08906
606 3.20289 -0.797068 0.226093
607 3.19263 -0.807323 0.229779
608 3.16756 -0.832395 1.07896
609 3.07149 -0.928461 0.971454
610 3.05384 -0.946112 0.371842
611 3.13325 -0.866708 1.43341
612 3.21463 -0.785321 0.386914
613 3.24918 -0.750775 0.358327
614 3.37483 -0.625124 4.15945
615 3.42186 -0.578099 0.539212
616 3.31503 -0.684927 1.27603
617 3.18253 -0.817421 1.64089
618 3.05843 -0.941521 1.98513
619 3.02471 -0.975241 0.968568
620 2.94732 -1.05263 1.02809
621 3.02505 -0.974909 1.48965
622 3.11323 -0.886721 0.582736
623 3.11564 -0.884319 0.496962
624 3.1489 -0.851059 1.60418
625 3.29006 -0.709893 2.03496
626 3.33334 -0.66661 0.534373
627 3.22775 -0.772204 1.4737
628 3.16769 -0.832265 0.510222
629 3.12521 -0.87474 1.18844
630 3.05888 -0.941075 0.403157
631 3.12709 -0.872869 1.24172
632 3.20933 -0.790621 1.07399
633 3.24348 -0.756479 0.630608
634 3.20396 -0.795991 0.604556
635 3.18926 -0.8107 0.748706
636 3.2955 -0.704458 2.4579
637 3.29636 -0.703599 1.93065
638 3.19412 -0.805839 1.28858
639 3.06256 -0.937398 2.00917
640 2.96613 -1.03383 1.44892
641 2.9938 -1.00615 1.25491
642 3.12704 -0.872915 1.18488
643 3.17252 -0.827434 0.286492
644 3.12741 -0.872542 0.989699
645 3.28552 -0.714434 9.79723
646 3.68107 -0.318885 7.47095
647 3.84354 -0.156416 6.53645
648 3.23445 -0.765501 5.91185
649 2.90435 -1.0956 4.12926
650 2.78059 -1.21937 1.45754
651 2.80095 -1.199 0.678612
652 2.87192 -1.12803 0.850242
653 2.89025 -1.1097 0.568795
654 2.91641 -1.08354 0.680101
655 2.9671 -1.03286 0.532476
656 3.01338 -0.986577 0.511149
657 3.02917 -0.970784 0.415572
658 3.08356 -0.916398 0.984374
659 3.1451 -0.854857 0.329009
660 3.20982 -0.790132 2.16799
661 3.33434 -0.665615 1.76122
662 3.34248 -0.657477 1.0815
663 3.31158 -0.688378 0.259038
664 3.27075 -0.729202 0.825086
665 3.25306 -0.746892 0.583636
666 3.21112 -0.78883 1.03722
667 3.206 -0.793953 1.31395
668 3.23644 -0.763519 0.294282
669 3.27098 -0.728975 0.729701
670 3.26535 -0.734601 0.264335
671 3.234 -0.765957 0.348894
672 3.11952 -0.88043 2.38949
673 3.08727 -0.912686 0.341454
674 3.05311 -0.946847 0.801161
675 3.06961 -0.930348 1.27496
676 3.18999 -0.80996 1.1321
677 3.23051 -0.769446 0.353122
678 3.13787 -0.862087 1.8562
679 3.02817 -0.971789 1.30526
680 3.03076 -0.969192 0.279931
681 3.00912 -0.990838 0.894289
682 3.06532 -0.934634 0.965937
683 3.13 -0.869951 0.614826
684 3.19294 -0.807017 2.02053
685 3.24508 -0.754872 1.10905
686 3.2172 -0.782756 1.5144
687 3.30839 -0.691561 0.634857
688 3.2329 -0.767054 1.81738
689 3.1048 -0.895151 1.37538
690 3.10073 -0.899228 0.897587
691 3.16798 -0.831978 0.820588
692 3.18565 -0.814301 0.784495
693 3.13934 -0.860616 0.277797
694 3.17279 -0.827168 0.846206
695 3.13622 -0.863738 1.28176
696 3.13028 -0.869671 1.08855
697 3.17777 -0.822183 0.874962
698 3.18052 -0.819435 1.41766
699 3.09888 -0.901078 0.756488
700 3.05898 -0.94097 1.01983
701 3.08123 -0.918725 1.30381
702 3.11674 -0.883215 0.854925
703 3.13467 -0.865285 1.42947
704 3.21522 -0.784737 0.243474
705 3.16429 -0.835661 0.998728
706 3.19258 -0.807379 2.38265
707 3.24702 -0.752934 1.36642
708 3.13815 -0.861808 1.20818
709 3.18601 -0.813946 1.9064
710 3.27488 -0.725072 0.723776
711 3.21141 -0.788547 0.543202
712 3.19266 -0.80729 0.631972
713 3.15194 -0.848012 0.557487
714 3.12476 -0.875192 0.688067
715 3.07374 -0.926212 1.00541
716 3.01798 -0.981975 0.562011
717 3.02423 -0.975721 0.586541
718 3.02242 -0.97753 0.269765
719 3.10412 -0.895833 1.95781
720 3.22639 -0.77356 0.687828
721 3.23888 -0.761075 0.359133
722 3.1896 -0.810358 0.487183
723 3.16186 -0.838095 0.720434
724 3.1995 -0.800453 1.83253
725 3.29418 -0.705771 0.610237
726 3.21736 -0.782599 1.22356
727 3.15324 -0.84672 1.05573
728 3.13569 -0.864262 0.767786
729 3.18631 -0.813645 0.667731
730 3.1678 -0.832156 0.222514
731 3.21103 -0.788928 1.0408
732 3.265 -0.734953 0.775476
733 3.29075 -0.709206 0.509542
734 3.21646 -0.783493 1.92684
735 3.19722 -0.802738 0.656877
736 3.09617 -0.903782 1.65879
737 3.00934 -0.990616 1.28411
738 3.01513 -0.984825 0.59983
739 3.09119 -0.908769 0.686379
740 3.14987 -0.850089 0.47998
741 3.16575 -0.834204 0.418802
742 3.16942 -0.830535 1.3521
743 3.18867 -0.811285 1.03018
744 3.24175 -0.758209 2.03612
745 3.32872 -0.671237 1.74459
746 3.34814 -0.651814 1.00731
747 3.1968 -0.803153 1.96968
748 3.0599 -0.940051 1.75292
749 2.97691 -1.02305 1.30273
750 2.97376 -1.0262 0.625529
751 3.04315 -0.956801 2.00308
752 3.18658 -0.813377 1.95167
753 3.27835 -0.721603 1.28695
754 3.32977 -0.670187 0.587602
755 3.31933 -0.680628 0.502169
756 3.3569 -0.643057 0.876825
757 3.29744 -0.702511 1.63748
758 3.16265 -0.8373 0.988347
759 3.05297 -0.946988 1.80135
760 3.05043 -0.949527 0.525177
761 3.07951 -0.920444 0.455931
762 3.07648 -0.923473 0.283159
763 3.10677 -0.893182 0.978633
764 3.19132 -0.808633 1.92886
765 3.27577 -0.724187 0.683092
766 3.21423 -0.785726 0.597755
767 3.11067 -0.889286 1.69629
768 3.12966 -0.870294 1.86426
769 3.14567 -0.854283 1.56111
770 3.05031 -0.949647 1.27414
771 3.00042 -0.99953 0.849271
772 2.98725 -1.0127 0.470957
773 3.05606 -0.943898 1.80254
774 3.1894 -0.810556 1.16323
775 3.25295 -0.747 0.429007
776 3.25784 -0.742112 0.241817
777 3.22175 -0.778202 0.180116
778 3.27573 -0.72422 1.65436
779 3.29122 -0.708739 0.752367
780 3.20493 -0.795027 1.80089
781 3.10196 -0.897999 0.760567
782 3.0975 -0.902453 0.403208
783 3.1091 -0.890857 0.885005
784 3.21917 -0.780785 1.576
785 3.24292 -0.757037 0.606554
786 3.2344 -0.765557 0.454387
787 3.1783 -0.821652 0.716382
788 3.16399 -0.835965 0.711253
789 3.13344 -0.86652 1.76962
790 3.0308 -0.969159 1.34994
791 2.98777 -1.01219 0.650839
792 3.14903 -0.850923 3.37433
793 3.22928 -0.770672 0.762008
794 3.27118 -0.728771 0.50383
795 3.27493 -0.725023 0.813532
796 3.20135 -0.798608 1.70239
797 3.17007 -0.829885 0.621979
798 3.10041 -0.899549 1.09723
799 3.04531 -0.954647 1.19932
800 3.00079 -0.999168 0.78192
801 3.05095 -0.949003 1.64584
802 3.17511 -0.824849 1.51038
803 3.2923 -0.707654 1.2497
804 3.29918 -0.700777 0.432381
805 3.26591 -0.734044 0.666956
806 3.32179 -0.678166 1.30418
807 3.32763 -0.672323 0.337235
808 3.19826 -0.801696 2.47746
809 3.03393 -0.966026 2.04042
810 3.05677 -0.94318 1.45653
811 3.0545 -0.945458 1.53913
812 3.03624 -0.963718 0.274606
813 3.01369 -0.986267 0.940636
814 3.09093 -0.909025 2.21712
815 3.16407 -0.835885 0.249535
816 3.15051 -0.849449 0.90674
817 3.22411 -0.775841 2.86335
818 3.28937 -0.710583 0.750857
819 3.16938 -0.83057 1.37382
820 3.17441 -0.825549 0.819907
821 3.18288 -0.81707 0.244733
822 3.18369 -0.816264 0.829965
823 3.14191 -0.85805 1.76993
824 2.95279 -1.04717 10.3695
825 3.64738 -0.35257 3.82566
826 3.2865 -0.713455 3.53523
827 3.18993 -0.810027 0.574145
828 3.07033 -0.929625 3.14598
829 2.90138 -1.09858 2.43184
830 2.85809 -1.14187 1.24329
831 2.94444 -1.05552 1.09654
832 2.99 -1.00996 0.894236
833 2.97787 -1.02208 0.445172
834 3.07427 -0.925686 1.90689
835 3.17545 -0.824502 0.699842
836 3.21603 -0.783921 1.11412
837 3.31316 -0.686792 3.17206
838 3.36895 -0.631004 1.82741
839 3.20794 -0.792015 1.63875
840 3.08805 -0.911909 1.46682
841 3.0648 -0.935153 0.213283
842 3.08348 -0.916472 0.203965
843 3.06984 -0.93011 0.58833
844 3.143 -0.85695 0.571029
845 3.17261 -0.827347 1.45422
846 3.29899 -0.700963 1.93587
847 3.34772 -0.652239 0.630158
848 3.26652 -0.733438 1.93588
849 3.11767 -0.882287 1.69529
850 3.04904 -0.950911 0.404274
851 3.07561 -0.924346 0.258667
852 3.10561 -0.89434 1.11129
853 3.18552 -0.814431 0.990865
854 3.2414 -0.758558 0.787973
855 3.26719 -0.732768 0.467359
856 3.27621 -0.723744 0.290259
857 3.26175 -0.738203 0.313344
858 3.19489 -0.805067 1.21016
859 3.06051 -0.939443 1.7743
860 2.98685 -1.01311 0.906092
861 3.0361 -0.963859 0.808423
862 3.10018 -0.899772 0.241999
863 3.07966 -0.920296 0.52419
864 3.12087 -0.879085 0.428286
865 3.17186 -0.828095 1.16694
866 3.17046 -0.829497 0.864934
867 3.17404 -0.825915 2.02654
868 3.22718 -0.772779 1.16127
869 3.13545 -0.864502 1.01805
870 3.11776 -0.882192 0.290308
871 3.16123 -0.838721 1.2562
872 3.22341 -0.776548 0.131626
873 3.22237 -0.777582 0.575677
874 3.28334 -0.716617 1.35132
875 3.23324 -0.766717 1.69868
876 3.1767 -0.823258 0.555715
877 3.19379 -0.806169 0.50316
878 3.22407 -0.775882 0.746004
879 3.14441 -0.855546 1.27453
880 3.07053 -0.929424 1.56391
881 3.04609 -0.953862 0.219521
882 3.08048 -0.91947 1.06322
883 3.16612 -0.833833 1.06446
884 3.19372 -0.806238 0.824903
885 3.10116 -0.898797 1.0678
886 3.14923 -0.850729 1.91083
887 3.21598 -0.783978 0.289593
888 3.1785 -0.821453 0.504938
889 3.10836 -0.891599 0.688434
890 3.12222 -0.877736 0.17429
891 3.24097 -0.758986 4.50956
892 3.41099 -0.588962 6.71568
893 3.76561 -0.234343 3.63303
894 3.51756 -0.482396 2.16038
895 3.16451 -0.835441 4.34502
896 2.92783 -1.07212 3.55428
897 2.72317 -1.27679 3.14492
898 2.65252 -1.34744 1.89797
899 2.69428 -1.30567 0.836361
900 2.84678 -1.15317 2.17485
901 3.05653 -0.943427 1.85835
902 3.16256 -0.837396 2.08062
903 3.27484 -0.725118 0.704746
904 3.3015 -0.698451 1.49358
905 3.35822 -0.641734 1.01064
906 3.35502 -0.644933 0.714225
907 3.21576 -0.784192 1.84894
908 3.08651 -0.913448 1.57735
909 3.11925 -0.880701 2.38713
910 3.24209 -0.757863 0.640021
911 3.23617 -0.763787 0.82016
912 3.22153 -0.77842 0.57582
913 3.20822 -0.791733 0.532292
914 3.16922 -0.830733 0.902791
915 3.08011 -0.91984 1.90283
916 3.05715 -0.942801 1.21081
917 3.15135 -0.848601 0.685865
918 3.14948 -0.850474 0.933802
919 3.10314 -0.896813 0.355622
920 3.13061 -0.869347 0.361253
921 3.12784 -0.872113 0.334276
922 3.08395 -0.916007 0.951122
923 3.08765 -0.912303 0.461294
924 3.13663 -0.863328 1.39823
925 3.21204 -0.787917 0.516034
926 3.23253 -0.767423 1.84754
927 3.27902 -0.720934 0.603459
928 3.21717 -0.782783 0.662339
929 3.1338 -0.866153 0.888203
930 3.138 -0.861958 0.397305
931 3.14265 -0.857309 0.697083
932 3.15592 -0.844032 0.392336
933 3.15136 -0.8486 0.391932
934 2.84056 -1.1594 13.436
935 3.94881 -0.0511442 5.62554
936 3.56014 -0.439815 6.80089
937 3.62483 -0.375129 7.84045
938 3.01163 -0.98832 6.46653
939 2.6946 -1.30535 4.36897
940 2.65068 -1.34928 1.28467
941 2.6943 -1.30566 0.874035
942 2.71519 -1.28477 1.05063
943 2.8668 -1.13315 2.51374
944 3.03188 -0.968071 0.708714
945 3.10787 -0.89208 2.06491
946 3.19279 -0.807162 0.643507
947 3.13971 -0.86025 0.60661
948 3.14086 -0.859096 0.754544
949 3.11364 -0.886312 0.56445
950 3.15315 -0.846806 1.82967
951 3.24602 -0.753933 0.687679
952 3.29963 -0.700329 1.86476
953 3.34284 -0.657119 0.486142
954 3.30219 -0.697761 0.856424
955 3.2217 -0.778258 0.891731
956 3.14326 -0.856696 0.413556
957 3.10349 -0.896464 1.68051
958 3.01362 -0.98633 1.28471
959 3.01699 -0.982969 0.920556
960 3.06838 -0.931574 2.18549
961 3.14813 -0.851828 0.874423
962 3.15986 -0.840097 1.36492
963 3.23629 -0.763669 1.20583
964 3.28823 -0.711721 0.869234
965 3.33018 -0.66977 0.777224
966 3.19451 -0.805443 1.87836
967 3.07056 -0.92939 1.51273
968 2.9954 -1.00456 1.15828
969 3.01321 -0.986746 0.764668
970 3.04981 -0.950142 0.80282
971 3.06703 -0.932921 0.467059
972 3.14907 -0.850883 2.05579
973 3.21371 -0.78624 0.625078
974 3.25773 -0.742228 0.477991
975 3.2693 -0.730654 1.18963
976 3.33373 -0.66622 0.753404
977 3.24701 -0.752948 1.72167
978 3.171 -0.828953 0.750939
979 3.20781 -0.792144 1.35634
980 3.17251 -0.827443 0.682745
981 3.15516 -0.844797 0.690175
982 3.17919 -0.820763 1.62705
983 3.23922 -0.760739 0.519234
984 3.24256 -0.757399 0.732703
985 3.1584 -0.841559 1.62775
986 3.05872 -0.94123 1.51205
987 2.99484 -1.00512 1.44603
988 2.95728 -1.04267 0.921475
989 2.97244 -1.02751 0.66449
990 3.00218 -0.99777 1.11037
991 3.07516 -0.924792 0.425824
992 3.17117 -0.828785 3.24238
993 3.29022 -0.709733 0.943164
994 3.23954 -0.760417 1.03675
995 3.24732 -0.752639 0.80241
996 3.21773 -0.782229 0.385743
997 3.2166 -0.783354 0.744412
998 3.14357 -0.856388 0.904338
999 3.10499 -0.894966 0.791415
1000 3.12487 -0.875086 0.414134
1001 3.20003 -0.79992 1.0979
1002 3.1729 -0.827052 0.417259
1003 3.20125 -0.7987 0.426389
1004 3.19232 -0.807632 0.549164
1005 3.11775 -0.882201 1.09998
1006 3.06282 -0.937138 0.818281
1007 3.03701 -0.962949 0.623738
1008 3.04167 -0.958284 0.514993
1009 3.13061 -0.869349 1.9272
1010 3.23779 -0.762168 0.759348
1011 3.22662 -0.773331 0.580009
1012 3.24832 -0.751634 1.35962
1013 3.30629 -0.693665 1.2453
1014 3.41568 -0.584272 1.8156
1015 3.36653 -0.633429 1.84807
1016 3.16498 -0.834977 2.32672
1017 3.06539 -0.934566 1.17168
1018 2.97317 -1.02679 1.49091
1019 2.99685 -1.0031 1.36823
1020 3.03955 -0.960407 0.895993
1021 3.03534 -0.964617 0.73333
1022 3.13992 -0.860037 2.46474
1023 3.29048 -0.709473 1.55224
1024 3.39599 -0.603962 1.60844
1025 3.33754 -0.662413 1.91611
1026 3.16857 -0.831381 2.1548
1027 3.02891 -0.971041 1.77504
1028 3.04241 -0.957543 0.58647
1029 3.09886 -0.901099 0.677906
1030 3.06137 -0.938584 1.01766
1031 3.08113 -0.918821 1.62578
1032 3.18823 -0.811722 0.364455
1033 3.13412 -0.865832 0.735389
1034 3.15849 -0.84146 0.307775
1035 3.20839 -0.791565 2.22604
1036 3.24221 -0.757744 1.42534
1037 3.14035 -0.859607 1.21538
1038 3.11279 -0.887163 0.352903
1039 2.46096 -1.539 22.9234
1040 4.3699 0.369949 7.76175
1041 3.76202 -0.23793 3.84773
1042 3.28375 -0.716206 6.07863
1043 2.7898 -1.21015 6.11388
1044 2.9541 -1.04586 7.33287
1045 3.07456 -0.925394 5.31382
1046 2.85281 -1.14714 2.62358
1047 2.6905 -1.30946 3.19157
1048 2.7264 -1.27356 1.22445
1049 2.73009 -1.26987 1.02221
1050 2.82503 -1.17493 1.37448
1051 2.99303 -1.00692 2.39733
1052 3.13786 -0.862099 3.11355
1053 3.32997 -0.669986 1.59807
1054 3.34927 -0.650688 0.595331
1055 3.35438 -0.645578 1.28189
1056 3.30431 -0.695649 1.41049
1057 3.22396 -0.775999 0.888885
1058 3.20745 -0.792509 1.10185
1059 3.07718 -0.922779 1.60086
1060 2.96775 -1.03221 1.85005
1061 3.14833 -0.851625 8.28384
1062 3.5152 -0.484755 0.644852
1063 3.45202 -0.547938 0.926312
1064 3.36562 -0.634331 0.449992
1065 3.22885 -0.771102 2.27452
1066 3.04278 -0.957177 2.34584
1067 2.94185 -1.05811 2.13925
1068 2.86021 -1.13974 1.17916
1069 2.87143 -1.12852 0.966191
1070 2.92898 -1.07097 0.964062
1071 3.07524 -0.924711 2.06382
1072 3.22727 -0.772684 1.45156
1073 3.27094 -0.72901 1.7767
1074 3.29766 -0.702294 1.39228
1075 3.21522 -0.784739 0.990813
1076 3.18405 -0.815908 1.29264
1077 3.19049 -0.809461 1.43841
1078 3.13652 -0.863438 0.536365
1079 3.06812 -0.931832 0.98596
1080 3.09028 -0.909675 1.34653
1081 3.21872 -0.781236 0.96941
1082 3.23664 -0.763313 0.660748
1083 3.23967 -0.760289 0.495401
1084 3.2422 -0.757752 2.42332
1085 3.35083 -0.649123 0.959527
1086 3.15565 -0.844307 2.45619
1087 3.02623 -0.973726 1.19489
1088 2.99615 -1.0038 1.13647
1089 3.08618 -0.913779 1.15202
1090 3.10271 -0.897243 1.09804
1091 3.12392 -0.876035 0.494665
1092 3.18406 -0.815899 2.22901
1093 3.26871 -0.731248 0.334061
1094 3.35076 -0.649196 1.66742
1095 3.29298 -0.706972 0.813845
1096 3.1595 -0.840453 1.86162
1097 3.07306 -0.926892 0.66792
1098 3.05723 -0.942726 0.323786
1099 3.04464 -0.955318 1.08846
1100 3.05085 -0.949104 0.470479
1101 2.81769 -1.18226 7.91022
1102 3.70137 -0.298582 2.51513
1103 3.46682 -0.533132 2.57413
1104 3.33927 -0.660687 0.738798
1105 3.16309 -0.836863 3.29955
1106 2.98565 -1.01431 2.58295
1107 2.97865 -1.0213 1.05641
1108 3.01767 -0.982286 1.1983
1109 2.94379 -1.05616 1.06597
1110 2.93016 -1.0698 0.80194
1111 2.94648 -1.05347 0.75209
1112 3.02968 -0.970274 1.52257
1113 3.14252 -0.857438 2.33584
1114 3.22901 -0.770947 0.659184
1115 3.20681 -0.793148 0.50473
1116 3.19595 -0.804009 0.672583
1117 3.15721 -0.842747 0.46213
1118 3.19398 -0.805972 1.14861
1119 3.28706 -0.712898 1.96598
1120 3.37177 -0.628183 1.36432
1121 3.30368 -0.696277 1.90388
1122 3.15153 -0.848425 1.73271
1123 3.1189 -0.881056 1.06502
1124 3.18537 -0.814588 0.968854
1125 3.13969 -0.860262 0.485328
1126 3.1328 -0.867155 1.01412
1127 3.08215 -0.917804 0.804217
1128 3.04283 -0.957122 1.06513
1129 3.06634 -0.933614 1.46378
1130 3.16257 -0.837382 0.640441
1131 3.15135 -0.848605 0.840965
1132 3.10258 -0.897376 0.509744
1133 3.10993 -0.890027 0.526662
1134 3.18437 -0.815582 1.48961
1135 3.21718 -0.782777 0.712198
1136 3.15786 -0.842092 1.08038
1137 3.09122 -0.908736 0.810496
1138 3.07503 -0.924921 0.566305
1139 3.14307 -0.85688 0.627271
1140 3.19306 -0.806892 1.78373
1141 3.241 -0.758955 2.78384
1142 3.44063 -0.559323 1.79844
1143 3.32204 -0.677916 0.506366
1144 3.28733 -0.712627 0.662212
1145 3.24888 -0.751079 1.81103
1146 3.12351 -0.876442 1.3926
1147 3.06411 -0.935844 0.822891
1148 3.02095 -0.979001 1.74661
1149 2.99513 -1.00482 0.383605
1150 3.02029 -0.979669 0.551251
1151 3.10112 -0.898836 1.32651
1152 3.19254 -0.807412 1.14876
1153 3.23675 -0.763207 0.369956
1154 3.20698 -0.792977 0.291137
1155 3.17697 -0.822989 0.403615
1156 3.15165 -0.848302 0.466154
1157 3.10272 -0.897232 1.24944
1158 3.05835 -0.941601 0.532979
1159 3.10845 -0.891502 0.566413
1160 3.08126 -0.918692 0.826424
1161 3.10919 -0.890767 1.68417
1162 2.91257 -1.08738 16.1379
1163 4.12872 0.128768 4.38374
1164 3.57053 -0.429424 12.5777
1165 4.09666 0.0967081 9.33879
1166 3.11214 -0.887812 9.45828
1167 2.58612 -1.41383 6.87293
1168 2.42233 -1.57763 4.07613
1169 2.43634 -1.56362 1.23041
1170 2.51911 -1.48084 1.05953
1171 2.62238 -1.37758 0.932429
1172 2.71312 -1.28683 1.16092
1173 2.84063 -1.15933 1.66794
1174 3.0723 -0.927654 3.00628
1175 3.18779 -0.812163 0.900113
1176 3.2271 -0.772855 0.616102
1177 3.2422 -0.757757 0.450445
1178 3.28053 -0.719426 1.09867
1179 3.3181 -0.681857 0.727359
1180 3.33754 -0.662413 2.10272
1181 3.41464 -0.585314 0.791271
1182 3.32472 -0.675238 0.883744
1183 3.28738 -0.712572 0.386362
1184 3.19948 -0.800475 1.2271
1185 3.22629 -0.773665 0.402826
1186 3.10237 -0.897582 1.96441
1187 3.10486 -0.895096 0.347799
1188 3.05908 -0.940876 0.361534
1189 3.01674 -0.983219 1.04887
1190 3.04625 -0.953703 1.67014
1191 3.23218 -0.767776 2.369
1192 3.32073 -0.679225 7.04057
1193 3.74821 -0.251743 1.75848
1194 3.67136 -0.328597 1.09178
1195 3.34104 -0.658911 5.03895
1196 2.99698 -1.00297 3.94119
1197 2.78914 -1.21082 3.45972
1198 2.74133 -1.25862 1.27534
1199 2.75541 -1.24454 0.652629
1200 2.90485 -1.09511 1.51995
1201 3.02035 -0.979605 1.65011
1202 3.13616 -0.863794 0.553259
1203 3.18703 -0.812921 1.59376
1204 3.2136 -0.78635 0.870917
1205 3.14244 -0.857515 0.806768
1206 3.12382 -0.876136 0.669633
1207 3.16508 -0.834872 1.68114
1208 3.22705 -0.772908 0.49646
1209 3.22808 -0.771874 0.471855
1210 3.23975 -0.760207 1.15757
1211 3.24756 -0.752391 0.436338
1212 3.2524 -0.747551 0.739625
1213 3.31264 -0.687314 1.20086
1214 3.25088 -0.749078 1.6792
1215 3.10897 -0.890986 2.03588
1216 3.02685 -0.973104 1.29901
1217 3.03225 -0.967704 0.813259
1218 3.03127 -0.968685 0.568509
1219 3.07403 -0.925927 0.611096
1220 3.09238 -0.907577 0.671981
1221 3.12345 -0.876509 1.56211
1222 3.21209 -0.787865 0.33785
1223 3.23016 -0.769796 1.23112
1224 3.32073 -0.679225 1.23969
1225 3.29039 -0.709565 1.16166
1226 3.16973 -0.83023 1.69002
1227 3.0865 -0.913454 0.392996
1228 3.05284 -0.947111 1.30257
1229 3.04692 -0.95303 0.384849
1230 3.0344 -0.965552 0.69973
1231 3.07703 -0.922928 1.64379
1232 3.19182 -0.808137 1.72076
1233 3.32229 -0.677661 0.808315
1234 3.26693 -0.733022 1.39333
1235 3.13099 -0.868967 1.28528
1236 3.05949 -0.940463 0.957243
1237 3.15352 -0.846434 2.98865
1238 3.25712 -0.742832 0.506764
1239 3.22313 -0.776828 0.438748
1240 3.23533 -0.764624 0.50534
1241 3.21702 -0.782938 0.648548
1242 3.21791 -0.782049 1.01557
1243 3.22766 -0.772291 0.374732
1244 3.13814 -0.861811 1.38794
1245 3.10499 -0.894965 0.561133
1246 3.03948 -0.960477 1.16252
1247 3.06214 -0.937813 0.825212
1248 3.12954 -0.870415 1.15146
1249 3.19165 -0.808308 0.157488
1250 3.17908 -0.82087 0.117069
1251 3.12581 -0.874145 1.01795
1252 3.06721 -0.932747 0.845748
1253 3.12303 -0.876924 1.39285
1254 3.20768 -0.792278 1.91911
1255 3.24567 -0.754288 1.22381
1256 3.15357 -0.846381 0.746864
1257 3.11206 -0.887898 0.726857
1258 3.1026 -0.897352 0.260232
1259 3.16328 -0.836677 1.16585
1260 3.2757 -0.724259 1.71023
1261 3.29563 -0.704325 0.638064
1262 3.20514 -0.794811 0.615029
1263 3.1806 -0.819356 0.647306
1264 3.17035 -0.829609 0.342467
1265 3.09944 -0.900515 1.54589
1266 3.0197 -0.980255 1.1449
1267 3.04607 -0.953883 1.19999
1268 3.15252 -0.847435 1.2154
1269 3.16449 -0.835462 1.0451
1270 3.15969 -0.84026 1.21944
1271 3.21889 -0.781069 0.392651
1272 3.18185 -0.818105 1.23157
1273 3.12099 -0.87896 0.109263
1274 3.15315 -0.846808 0.0837228
1275 3.1046 -0.895353 0.97823
1276 3.05698 -0.942972 0.713597
1277 3.08036 -0.91959 0.59198
1278 3.13519 -0.864765 0.893245
1279 3.19969 -0.800263 0.367467
1280 3.21539 -0.784563 0.349745
1281 3.23569 -0.764261 0.700501
1282 3.29824 -0.701717 0.659554
1283 3.23555 -0.764403 0.367005
1284 3.21741 -0.78254 0.611058
1285 3.16711 -0.832848 0.445677
1286 3.08828 -0.911674 1.32915
1287 3.12728 -0.872676 1.57094
1288 3.14309 -0.856861 0.192613
1289 3.21751 -0.782446 1.68684
1290 3.22568 -0.774278 0.75248
1291 3.21255 -0.78741 0.559087
1292 3.15788 -0.842079 1.81719
1293 3.13586 -0.864097 0.639957
1294 3.19302 -0.806939 1.00713
1295 3.15781 -0.842147 0.422252
1296 3.11459 -0.885365 1.03927
1297 3.10841 -0.891546 0.221181
1298 3.08951 -0.910445 0.42852
1299 3.15184 -0.848112 0.165974
1300 3.09985 -0.900105 0.799226
1301 3.13059 -0.869362 1.21097
1302 3.37491 -0.625045 4.45689
1303 3.55568 -0.444278 3.58297
1304 3.53456 -0.465396 3.60846
1305 3.17517 -0.82478 3.49641
1306 2.96853 -1.03142 2.38773
1307 2.95062 -1.04933 0.389023
1308 2.98214 -1.01781 0.704731
1309 3.04909 -0.950863 1.56465
1310 3.05886 -0.941098 1.34181
1311 3.0662 -0.933759 0.987711
1312 3.17486 -0.82509 0.649913
1313 3.14959 -0.850362 0.949636
1314 3.06658 -0.93337 0.827561
1315 3.04827 -0.95168 0.456652
1316 3.05929 -0.940667 0.38998
1317 3.13314 -0.866814 1.75072
1318 3.23305 -0.766907 0.451987
1319 3.24514 -0.754817 0.279641
1320 3.39158 -0.608375 7.75581
1321 3.68909 -0.31086 1.49384
1322 3.50907 -0.490881 1.80776
1323 3.31187 -0.688087 2.47674
1324 3.12694 -0.873016 1.29266
1325 3.03385 -0.9661 1.96656
1326 2.97621 -1.02374 0.835653
1327 2.90364 -1.09632 1.95147
1328 2.84926 -1.15069 1.32016
1329 2.85008 -1.14988 0.572182
1330 2.93878 -1.06118 1.49452
1331 3.07413 -0.925827 2.09538
1332 3.22826 -0.771699 2.66792
1333 3.36405 -0.635907 0.67825
1334 3.30574 -0.694216 1.30194
1335 3.18513 -0.814822 1.2776
1336 3.12003 -0.879924 0.425536
1337 3.14589 -0.85406 0.153938
1338 3.16199 -0.837964 1.06992
1339 3.22352 -0.776439 0.524453
1340 3.22123 -0.778728 0.455796
1341 3.20461 -0.795347 0.715057
1342 3.23858 -0.761375 0.565483
1343 3.2498 -0.750154 1.21956
1344 3.23906 -0.760892 2.31707
1345 3.07577 -0.924183 1.90987
1346 3.02947 -0.970487 0.551414
1347 3.04719 -0.952763 0.966552
1348 3.13062 -0.869339 0.940184
1349 3.12595 -0.874009 1.25405
1350 3.11885 -0.881104 0.66398
1351 3.17764 -0.822316 1.05322
1352 3.21926 -0.78069 0.325163
1353 3.21808 -0.781875 0.240277
1354 3.12569 -0.874268 0.869831
1355 3.07433 -0.925627 1.11272
1356 3.02532 -0.974635 0.748015
1357 3.00865 -0.991308 0.471738
1358 3.07205 -0.927901 1.89419
1359 3.19399 -0.805963 0.617849
1360 3.19738 -0.802579 0.541853
1361 3.24308 -0.756879 0.368219
1362 3.25723 -0.74272 1.18571
1363 3.24066 -0.759291 1.31949
1364 3.13604 -0.863915 1.19453
1365 3.09825 -0.9017 0.613381
1366 3.05792 -0.942033 0.444802
1367 3.10698 -0.89297 0.5754
1368 3.12623 -0.873727 0.641482
1369 3.18901 -0.810948 0.400307
1370 3.21966 -0.780293 1.34271
1371 3.28857 -0.71139 1.02289
1372 3.25031 -0.749642 1.55123
1373 3.19404 -0.805915 1.1991
1374 3.20035 -0.799605 1.59921
1375 3.12137 -0.878587 0.811798
1376 3.04199 -0.957963 1.13101
1377 3.00304 -0.996918 0.550156
1378 3.07566 -0.924299 1.54984
1379 3.21041 -0.789547 0.954813
1380 3.22254 -0.777415 0.195653
1381 3.23257 -0.767382 0.645815
1382 3.24454 -0.755414 0.349645
1383 3.21416 -0.785799 0.458588
1384 3.15828 -0.841674 1.43064
1385 3.06768 -0.932278 1.13761
1386 3.01754 -0.982418 0.808491
1387 3.00047 -0.999488 0.462928
1388 3.06497 -0.934982 1.86674
1389 3.19912 -0.800836 1.65732
1390 3.27747 -0.722486 0.231685
1391 3.26294 -0.737017 0.174318
1392 3.28919 -0.710768 2.22814
1393 3.35576 -0.644194 0.907541
1394 3.24274 -0.757218 1.28524
1395 3.1116 -0.888356 1.79281
1396 3.01206 -0.987892 1.35665
1397 3.01501 -0.984946 0.364766
1398 3.03164 -0.968311 0.453883
1399 3.10706 -0.892893 0.493099
1400 3.16203 -0.837928 1.46008
1401 3.23696 -0.762991 0.15063
1402 3.24224 -0.757712 1.03359
1403 3.26783 -0.732122 0.437989
1404 3.17208 -0.827874 1.36978
1405 3.12984 -0.870117 0.173438
1406 3.17768 -0.822274 1.42438
1407 3.22771 -0.772248 0.798227
1408 3.24323 -0.756721 0.569746
1409 3.21397 -0.785982 0.546054
1410 3.19023 -0.809721 0.765844
1411 3.20408 -0.795876 1.32159
1412 3.21211 -0.787841 0.901226
1413 3.19647 -0.803485 0.303105
1414 3.10538 -0.894571 1.85757
1415 3.01674 -0.983212 0.994994
1416 3.05554 -0.944413 0.850335
1417 3.05072 -0.949237 0.564158
1418 3.1295 -0.87045 1.18439
1419 3.21802 -0.781931 0.915373
1420 3.24433 -0.755626 0.945897
1421 3.21284 -0.787117 1.46391
1422 3.15523 -0.844725 0.311211
1423 3.17256 -0.827393 2.16482
1424 3.22776 -0.772195 1.82356
1425 3.13527 -0.864688 0.864383
1426 3.11513 -0.884821 0.185682
1427 3.07095 -0.929006 1.00583
1428 3.03546 -0.964499 0.861369
1429 3.0121 -0.987859 0.51166
1430 3.09565 -0.904309 1.66834
1431 3.23344 -0.766516 2.92104
1432 3.39397 -0.605985 1.53596
1433 3.37212 -0.627834 1.15605
1434 3.25501 -0.744942 1.10845
1435 3.13337 -0.86658 0.933367
1436 3.11445 -0.885504 0.356286
1437 3.11177 -0.888189 0.385382
1438 3.11377 -0.886189 0.322498
1439 3.13559 -0.86436 0.151295
1440 3.14983 -0.850129 0.882382
1441 3.16384 -0.836116 0.484506
1442 3.17894 -0.821012 0.87402
1443 3.21066 -0.789295 0.413064
1444 3.12141 -0.878544 1.41533
1445 3.11024 -0.889719 0.955997
1446 3.17978 -0.820176 0.872313
1447 3.27152 -0.728433 1.41123
1448 3.21694 -0.783018 1.81116
1449 3.08593 -0.914025 1.57408
1450 3.00661 -0.993342 1.19417
1451 3.03539 -0.964561 1.36009
1452 3.09806 -0.901897 0.475277
1453 3.16513 -0.834823 1.13064
1454 3.20422 -0.795738 0.225541
1455 3.23467 -0.765283 0.726698
1456 3.21191 -0.78804 1.4764
1457 3.22881 -0.771148 1.26529
1458 3.13019 -0.86976 1.2793
1459 3.06707 -0.932881 0.652592
1460 3.11337 -0.886587 1.22929
1461 3.18624 -0.813712 0.0793317
1462 3.23672 -0.763237 3.0271
1463 3.35994 -0.640014 0.996877
1464 3.29649 -0.703466 0.786362
1465 3.28073 -0.719226 1.32732
1466 3.28052 -0.719434 1.60252
1467 3.18715 -0.812805 2.62634
1468 3.01416 -0.985796 2.1847
1469 2.9173 -1.08265 1.57275
1470 2.95133 -1.04862 1.28683
1471 3.05181 -0.948143 0.381005
1472 3.09024 -0.909718 0.422471
1473 3.08399 -0.915969 0.59128
1474 3.10728 -0.89267 0.597143
1475 3.11129 -0.888664 0.420518
1476 3.14138 -0.858578 1.13433
1477 3.173 -0.826955 0.506169
1478 3.19357 -0.806385 1.46536
1479 3.23069 -0.769265 0.204227
1480 3.20812 -0.79183 0.589574
1481 3.26016 -0.739796 1.93634
1482 3.25151 -0.748442 1.40527
1483 3.21643 -0.783526 1.45332
1484 3.26363 -0.736322 0.790834
1485 3.13826 -0.861693 1.74505
1486 3.169 -0.830957 2.50167
1487 3.22083 -0.779125 1.5552
1488 3.0755 -0.924455 1.59072
1489 3.02347 -0.976486 0.450154
1490 3.09428 -0.905671 1.07302
1491 3.10909 -0.890861 1.13243
1492 3.09237 -0.907583 0.44431
1493 3.14993 -0.850021 1.47752
1494 3.21623 -0.783725 0.140822
1495 3.16127 -0.838685 1.00432
1496 3.16755 -0.832405 2.89681
1497 3.34473 -0.655229 0.531269
1498 3.20177 -0.798186 1.61702
1499 3.14715 -0.852808 1.05391
1500 3.05688 -0.943071 0.246087
1501 3.06279 -0.937168 0.997573
1502 3.07306 -0.926894 0.495013
1503 3.09508 -0.904872 0.558149
1504 3.13769 -0.862264 0.469961
1505 3.19145 -0.808505 0.255875
1506 3.16351 -0.836448 0.501432
1507 3.15717 -0.842786 0.319978
1508 3.1485 -0.851458 0.872425
1509 3.09293 -0.907028 0.720342
1510 3.14974 -0.850217 1.41354
1511 3.17703 -0.822928 0.396433
1512 3.17683 -0.823124 0.549564
1513 3.1877 -0.812259 0.186112
1514 3.14789 -0.852066 0.828305
1515 3.15413 -0.845825 1.42546
1516 3.24752 -0.752435 1.11396
1517 3.2276 -0.77235 1.31503
1518 3.12329 -0.876666 1.23816
1519 3.06231 -0.937648 0.621199
1520 3.11317 -0.886789 1.32068
1521 3.19019 -0.809767 0.112197
1522 3.20031 -0.799647 0.594173
1523 3.17172 -0.828238 1.12031
1524 3.15846 -0.841496 1.0659
1525 3.21174 -0.788218 0.841601
1526 3.0787 -0.921251 10.3151
1527 3.78839 -0.211566 3.84214
1528 3.43595 -0.564 3.33768
1529 3.10773 -0.892229 3.58881
1530 2.98586 -1.01409 1.23004
1531 2.93462 -1.06533 1.50304
1532 2.89753 -1.10242 0.749588
1533 3.0516 -0.948354 1.39768
1534 3.06209 -0.937861 0.603435
1535 3.05882 -0.941132 1.08298
1536 3.13164 -0.868313 0.207293
1537 3.08193 -0.918022 1.04303
1538 3.10182 -0.898136 1.06801
1539 3.17001 -0.829941 1.08333
1540 3.23274 -0.767211 0.868221
1541 3.19774 -0.802213 1.51326
1542 3.14307 -0.856885 0.254691
1543 3.08117 -0.918782 1.27004
1544 3.06943 -0.930526 0.338827
1545 3.11355 -0.886403 1.32098
1546 3.14051 -0.859448 0.852033
1547 3.15121 -0.848742 1.29172
1548 3.21633 -0.783629 0.403461
1549 3.20832 -0.791638 1.08173
1550 3.26389 -0.736069 0.817774
1551 3.31663 -0.683328 0.459596
1552 3.19107 -0.808882 1.82689
1553 3.1408 -0.85915 0.632874
1554 3.19527 -0.804683 1.20605
1555 3.252 -0.747953 0.27701
1556 3.1662 -0.83375 2.06139
1557 3.0337 -0.966259 1.69998
1558 3.02407 -0.975889 0.46207
1559 3.05525 -0.944706 0.2728
1560 3.02867 -0.971285 0.907396
1561 3.07407 -0.925888 2.05216
1562 3.18362 -0.816335 0.632748
1563 3.11408 -0.885873 0.669832
1564 3.14082 -0.859132 1.55449
1565 3.2287 -0.771253 0.646685
1566 3.20413 -0.795822 1.11552
1567 3.12595 -0.874003 0.958779
1568 3.09731 -0.902648 0.37557
1569 3.14717 -0.852786 0.403823
1570 3.18547 -0.814485 1.36099
1571 3.24733 -0.75262 0.24552
1572 3.22672 -0.773236 0.249811
1573 3.24212 -0.757834 0.738983
1574 3.2354 -0.764556 0.511583
1575 3.1941 -0.805851 0.469408
1576 3.13406 -0.865895 1.40122
1577 3.0503 -0.949652 1.05851
1578 3.03979 -0.960161 0.566657
1579 3.16643 -0.833526 2.10973
1580 3.25829 -0.741667 0.342832
1581 3.24695 -0.753 1.22604
1582 3.30446 -0.695497 0.457574
1583 3.2212 -0.778754 2.00059
1584 3.14875 -0.851201 0.524788
1585 3.1627 -0.837259 0.806009
1586 3.06075 -0.939203 1.63256
1587 3.03518 -0.964773 0.36518
1588 3.08297 -0.916985 2.18527
1589 3.16539 -0.834562 1.29378
1590 3.08096 -0.918993 1.06948
1591 3.07723 -0.922721 0.437093
1592 3.11288 -0.887075 0.697037
1593 3.16768 -0.83227 0.390381
1594 3.22516 -0.774791 2.18438
1595 3.25341 -0.74654 7.50125
1596 3.62581 -0.374145 3.71711
1597 3.26545 -0.734508 3.48523
1598 3.08281 -0.917148 1.92397
1599 2.9269 -1.07306 2.44113
1600 2.84916 -1.1508 7.8441
1601 3.42106 -0.578894 1.06402
1602 3.29971 -0.700245 1.15539
1603 3.16685 -0.833104 2.17688
1604 3.03609 -0.963867 1.70077
1605 2.94171 -1.05825 1.12787
1606 2.895 -1.10496 1.71685
1607 2.85981 -1.14014 0.9601
1608 2.89716 -1.10279 0.961375
1609 3.04461 -0.955344 1.46411
1610 3.13668 -0.863277 1.99321
1611 3.25064 -0.749314 0.590899
1612 3.27796 -0.72199 0.91754
1613 3.30002 -0.699936 0.232213
1614 3.28781 -0.712147 0.982584
1615 3.06673 -0.93322 15.2162
1616 4.03602 0.0360629 6.63371
1617 3.37671 -0.62324 5.97481
1618 3.01354 -0.986414 4.18436
1619 2.73339 -1.26657 3.94237
1620 2.75594 -1.24401 6.8447
1621 3.12297 -0.876982 2.78394
1622 3.0592 -0.940756 0.74514
1623 3.01509 -0.984864 0.471477
1624 3.01092 -0.989036 1.31194
1625 2.96009 -1.03986 0.98645
1626 2.93672 -1.06324 1.4769
1627 2.90247 -1.09749 0.822293
1628 2.93339 -1.06656 0.712694
1629 3.01743 -0.982529 1.10311
1630 3.13049 -0.869466 0.94506
1631 3.14843 -0.85152 0.253363
1632 3.18585 -0.814101 1.16209
1633 3.28663 -0.713324 2.35535
1634 3.3698 -0.630155 1.21215
1635 3.42217 -0.577784 0.768339
1636 3.30614 -0.693813 2.04067
1637 3.19586 -0.804094 0.734777
1638 3.11941 -0.880549 0.689743
1639 3.11155 -0.888404 0.614144
1640 3.15174 -0.848219 1.47042
1641 3.20332 -0.796632 0.558553
1642 3.20649 -0.793466 0.81805
1643 3.17245 -0.827505 0.555352
1644 3.2283 -0.771658 0.398462
1645 3.13805 -0.861901 1.91326
1646 3.06987 -0.930084 0.760242
1647 3.04463 -0.955322 0.460595
1648 3.10845 -0.891509 1.25635
1649 3.13081 -0.869149 0.2128
1650 3.20579 -0.794163 1.44983
1651 3.19132 -0.808638 1.36029
1652 3.18978 -0.810174 0.874214
1653 3.26248 -0.737477 2.25649
1654 3.37189 -0.628067 0.41968
1655 3.29402 -0.705937 1.36306
1656 3.11979 -0.880162 2.25938
1657 3.00687 -0.993082 1.25748
1658 3.03355 -0.966407 0.40722
1659 3.04154 -0.958417 0.279432
1660 3.02721 -0.972747 0.709737
1661 3.11555 -0.884403 1.5372
1662 3.19328 -0.806674 1.26847
1663 3.26111 -0.738842 0.991544
1664 3.23015 -0.769808 1.26416
1665 3.21401 -0.785943 0.557533
1666 3.1573 -0.842658 1.52965
1667 3.10315 -0.896808 0.316429
1668 3.07118 -0.928779 1.14837
1669 3.04475 -0.955203 0.46092
1670 3.13074 -0.869219 1.32579
1671 3.20297 -0.796989 0.160981
1672 3.21665 -0.783301 1.1199
1673 3.2969 -0.703058 0.73381
1674 3.21933 -0.780629 1.60447
1675 3.12394 -0.876018 0.540281
1676 3.1483 -0.851657 0.602424
1677 3.17908 -0.820871 0.903249
1678 3.24548 -0.754477 0.358232
1679 3.20665 -0.793307 0.515373
1680 3.18368 -0.816277 0.646818
1681 3.16004 -0.839913 0.708684
1682 3.11962 -0.880332 0.606055
1683 3.096 -0.90395 0.384217
1684 3.09269 -0.907267 0.242947
1685 3.10581 -0.894144 0.421945
1686 3.05986 -0.940095 0.845713
1687 3.00442 -0.995538 1.00285
1688 3.06129 -0.938664 1.5153
1689 3.16727 -0.83268 0.995205
1690 3.2466 -0.753355 1.54612
1691 3.30546 -0.694498 0.219772
1692 3.27555 -0.724401 0.329075
1693 3.25212 -0.747836 0.908662
1694 3.31769 -0.68226 0.662673
1695 3.16602 -0.833938 1.75054
1696 3.05325 -0.946707 1.46384
1697 3.0485 -0.951451 0.645639
1698 3.01428 -0.985671 0.60908
1699 3.09399 -0.905963 0.485678
1700 3.15032 -0.84963 1.52495
1701 3.23875 -0.76121 0.65119
1702 3.23536 -0.764592 0.220209
1703 3.40642 -0.593533 6.91902
1704 3.66274 -0.337215 1.57343
1705 3.42575 -0.574209 2.56373
1706 3.1349 -0.865058 3.44315
1707 2.96046 -1.03949 2.5924
1708 2.82743 -1.17252 1.97851
1709 2.84953 -1.15043 0.590793
1710 2.9294 -1.07056 0.977443
1711 3.03683 -0.96312 0.760561
1712 3.1489 -0.851052 3.07264
1713 3.31984 -0.680115 1.22562
1714 3.38545 -0.614505 1.02916
1715 3.29667 -0.703286 1.89134
1716 3.14088 -0.859077 1.73131
1717 3.12038 -0.879576 0.387985
1718 3.14537 -0.854588 0.81507
1719 3.17952 -0.820433 0.459801
1720 3.20902 -0.790931 0.218695
1721 3.14861 -0.851349 0.265946
1722 3.11208 -0.887872 0.140875
1723 3.08925 -0.910707 1.10859
1724 3.09827 -0.901685 1.15824
1725 3.14319 -0.856769 0.0785287
1726 3.125 -0.87495 0.972015
1727 3.10914 -0.890812 0.257148
1728 3.16166 -0.838294 0.382407
1729 3.14285 -0.857105 0.784807
1730 3.21904 -0.780919 0.163342
1731 3.25597 -0.743989 1.26908
1732 3.31343 -0.686525 0.663139
1733 3.2253 -0.77465 1.7228
1734 3.1701 -0.82985 0.619979
1735 3.21882 -0.781135 0.581343
1736 3.09222 -0.907733 1.47091
1737 3.06839 -0.931568 0.345801
1738 3.02475 -0.975205 0.986915
1739 3.05847 -0.941486 1.51384
1740 3.11086 -0.889095 0.693467
1741 3.08504 -0.914917 0.433212
1742 3.15116 -0.848799 1.61843
1743 3.26731 -0.732645 0.360066
1744 3.28675 -0.713203 0.835103
1745 3.21338 -0.786571 1.20653
1746 2.99293 -1.00703 15.1389
1747 3.94864 -0.0513194 5.59599
1748 3.50479 -0.495169 2.92671
1749 3.23658 -0.763377 2.75092
1750 3.04951 -0.950446 2.33157
1751 2.90012 -1.09983 2.95421
1752 2.81313 -1.18682 1.80746
1753 2.72828 -1.27168 1.97825
1754 2.73395 -1.26601 0.901678
1755 2.80469 -1.19526 0.547417
1756 2.90699 -1.09297 0.894249
1757 3.01135 -0.988604 1.47015
1758 3.09867 -0.901281 1.73453
1759 3.23952 -0.760432 1.42041
1760 3.32317 -0.676782 2.66966
1761 3.48906 -0.510898 2.12527
1762 3.43492 -0.565033 1.87979
1763 3.40601 -0.593946 1.75987
1764 3.41937 -0.580588 0.836735
1765 3.28048 -0.719478 2.94598
1766 3.06483 -0.935127 2.52956
1767 3.01759 -0.982365 0.362112
1768 3.00487 -0.995085 1.32002
1769 2.99251 -1.00744 0.320569
1770 2.97302 -1.02693 0.883403
1771 3.0243 -0.975659 1.53994
1772 3.13738 -0.862578 0.466538
1773 3.17223 -0.827722 0.372338
1774 3.14821 -0.851744 2.96437
1775 3.41149 -0.588464 1.10455
1776 3.26326 -0.73669 1.83675
1777 3.15768 -0.842273 0.803435
1778 3.14906 -0.850897 0.629033
1779 3.12171 -0.878247 0.41886
1780 3.07321 -0.926743 0.833961
1781 3.09339 -0.90656 0.278998
1782 3.12459 -0.875362 1.43899
1783 3.16279 -0.837167 1.09731
1784 3.20761 -0.792349 1.95447
1785 3.2072 -0.792757 1.28001
1786 3.11287 -0.887081 1.09244
1787 3.06014 -0.939819 0.583616
1788 3.11364 -0.886317 1.38979
1789 3.14415 -0.855803 0.928052
1790 3.15112 -0.848833 1.43853
1791 3.24832 -0.751637 1.84179
1792 3.33279 -0.667167 1.01523
1793 3.33904 -0.660914 0.989372
1794 3.18706 -0.812891 1.72574
1795 3.14587 -0.854086 0.500923
1796 3.09209 -0.907866 1.81297
1797 3.00404 -0.995917 0.997907
1798 3.00402 -0.995939 0.487077
