0 -12.8138 -16.8137 43.4572
1 -3.33839 -7.33835 19.1229
2 -1.09942 -5.09937 12.2186
3 -0.195209 -4.19516 10.5417
4 0.570957 -3.429 12.8523
5 1.31006 -2.68989 16.4494
6 2.12244 -1.87752 17.7566
7 3.08313 -0.916829 16.378
8 3.81028 -0.189677 16.286
9 4.58482 0.584868 12.383
10 4.8918 0.891846 10.9024
11 4.78903 0.789078 10.7597
12 4.55696 0.557008 10.8128
13 4.33445 0.334494 10.491
14 4.09949 0.0995329 10.3732
15 3.72004 -0.279917 10.5239
16 3.6598 -0.340151 8.99806
17 3.64772 -0.352238 8.21537
18 3.53125 -0.468703 9.05718
19 3.43002 -0.569934 8.36651
20 3.27855 -0.721404 8.67591
21 3.2202 -0.779752 7.976
22 3.22434 -0.775619 7.13649
23 3.30078 -0.699171 6.46665
24 3.30061 -0.699343 7.46619
25 3.30274 -0.697211 6.63038
26 3.31443 -0.685523 6.46911
27 3.32896 -0.67099 6.15864
28 3.37107 -0.62888 5.79213
29 3.4552 -0.544754 5.44102
30 3.35587 -0.644088 6.88372
31 3.21205 -0.787903 6.33891
32 3.20849 -0.791463 4.98127
33 3.22199 -0.777969 5.20987
34 3.15639 -0.843567 5.40611
35 3.21051 -0.789446 4.25433
36 3.22546 -0.77449 4.46381
37 3.21233 -0.78762 4.26204
38 3.27465 -0.725306 3.8314
39 3.35018 -0.649772 3.44643
40 3.29847 -0.701481 4.89799
41 3.18457 -0.815384 4.49387
42 3.14719 -0.852763 3.86453
43 3.12462 -0.875333 3.22582
44 3.23938 -0.760573 2.56617
45 3.34383 -0.656126 2.65534
46 3.37952 -0.620437 3.50582
47 3.31906 -0.680898 2.91317
48 3.31914 -0.680815 3.0889
49 3.26265 -0.737301 3.48769
50 3.29612 -0.703831 2.18995
51 3.25215 -0.747807 3.71846
52 3.12222 -0.877737 3.93851
53 3.03571 -0.96424 3.08827
54 3.12064 -0.879317 1.66908
55 3.17475 -0.825206 2.49406
56 3.21693 -0.783026 1.91946
57 3.23044 -0.769518 1.82978
58 3.27253 -0.727428 1.90129
59 3.31689 -0.683063 1.91203
60 3.35807 -0.641882 2.52859
61 3.26675 -0.733201 2.19954
62 3.20355 -0.796409 2.38013
63 3.12294 -0.877011 2.60287
64 3.03429 -0.965667 2.87483
65 2.96537 -1.03459 2.30083
66 3.04187 -0.958087 1.40463
67 3.19973 -0.800222 1.00795
68 3.24069 -0.759262 1.49685
69 3.28265 -0.717307 1.428
70 3.38239 -0.617566 1.19441
71 3.34531 -0.654648 2.08735
72 3.18556 -0.814399 2.76809
73 3.05571 -0.944246 2.28573
74 2.99835 -1.00161 1.47138
75 3.04335 -0.956601 0.809085
76 3.10611 -0.893846 1.00659
77 3.21078 -0.78917 0.894659
78 3.26356 -0.736391 1.08555
79 3.23985 -0.760101 1.03896
80 3.28874 -0.711214 1.00797
81 3.29184 -0.708115 0.698437
82 3.22494 -0.775011 2.24508
83 3.10044 -0.899512 1.92015
84 3.0984 -0.901551 0.714907
85 3.12822 -0.871737 0.709756
86 3.19972 -0.800231 0.630624
87 3.2085 -0.791453 0.70615
88 3.23893 -0.761025 1.34513
89 3.3283 -0.671659 0.826493
90 3.24812 -0.751839 1.2693
91 3.22772 -0.772234 0.454984
92 3.18351 -0.816449 1.27322
93 3.08554 -0.914417 1.85509
94 3.18266 -0.817294 1.81329
95 3.11673 -0.88323 1.52113
96 3.10101 -0.898946 0.438873
97 3.14913 -0.850821 0.383013
98 3.16636 -0.833591 1.08529
99 3.27685 -0.723101 0.873232
100 3.28045 -0.719507 0.760936
101 2.77701 -1.22294 20.5755
102 4.47071 0.470755 6.00295
103 3.63069 -0.369264 8.4257
104 2.98536 -1.01459 7.10754
105 2.66047 -1.33949 4.79623
106 2.5776 -1.42235 2.80166
107 2.62852 -1.37144 0.947509
108 2.7021 -1.29785 0.648708
109 2.8178 -1.18216 1.04525
110 2.95911 -1.04084 2.06732
111 3.13744 -0.862512 1.42935
112 3.24959 -0.750364 1.41446
113 3.31786 -0.682097 0.493775
114 3.26622 -0.733733 0.931675
115 3.26857 -0.731388 1.39902
116 3.34583 -0.654122 0.701853
117 3.37622 -0.623732 0.674645
118 3.24438 -0.755577 1.04239
119 3.19619 -0.803767 1.10295
120 3.13536 -0.864592 0.865216
121 3.10205 -0.8979 0.676099
122 3.13572 -0.864235 0.998828
123 3.11363 -0.886325 1.45067
124 3.05238 -0.947577 1.19238
125 2.99294 -1.00702 3.22272
126 3.28944 -0.710514 1.67662
127 3.24575 -0.754204 0.897277
128 3.32416 -0.675799 0.675717
129 3.18112 -0.818835 1.58924
130 3.13308 -0.866874 0.460002
131 3.14566 -0.854294 0.834769
132 3.23408 -0.765878 0.683884
133 3.21025 -0.789703 0.608073
134 3.16739 -0.832564 0.932817
135 3.13556 -0.864398 0.576827
136 3.31091 -0.689045 7.34145
137 3.53761 -0.46235 8.26214
138 3.99282 -0.00712996 4.17691
139 3.36464 -0.63531 6.49338
140 3.03107 -0.968886 3.18482
141 2.88619 -1.11376 2.31768
142 2.79221 -1.20774 2.61074
143 2.777 -1.22295 1.30744
144 2.7328 -1.26716 1.488
145 2.75953 -1.24043 0.804055
146 2.83862 -1.16134 1.15969
147 3.00054 -0.999414 2.63737
148 3.18376 -0.816192 1.33722
149 3.26156 -0.738393 1.06159
150 3.32194 -0.678012 2.72194
151 3.45155 -0.548403 1.0957
152 3.43426 -0.565697 0.938416
153 3.33174 -0.668217 0.959938
154 3.1846 -0.815352 1.96676
155 3.13313 -0.86682 0.553777
156 3.15721 -0.842743 0.47993
157 3.16136 -0.838596 0.558048
158 3.1784 -0.821553 0.683404
159 3.1612 -0.838757 0.760605
160 3.16777 -0.832181 0.603554
161 3.17996 -0.819994 0.610732
162 3.19722 -0.802731 0.702835
163 3.20791 -0.792048 0.718798
164 3.15418 -0.845778 1.33712
165 3.12584 -0.874115 0.649539
166 3.05617 -0.943784 1.1954
167 3.00685 -0.993106 0.870107
168 3.04007 -0.959889 0.633256
169 3.11911 -0.880849 1.70558
170 3.27171 -0.728244 2.22208
171 3.35354 -0.646415 0.984936
172 3.35179 -0.648167 0.685876
173 3.29363 -0.706327 1.00926
174 3.21085 -0.789101 0.640107
175 3.12879 -0.87116 1.39563
176 3.05159 -0.948363 1.49502
177 3.06014 -0.939819 0.879074
178 3.13302 -0.866934 1.08958
179 3.19273 -0.807223 0.212653
180 3.20269 -0.797269 1.35647
181 3.28392 -0.716038 0.672293
182 3.27727 -0.722686 0.841467
183 3.20415 -0.795809 0.787963
184 3.17223 -0.827727 0.496209
185 3.12887 -0.871085 1.72229
186 3.0306 -0.969356 1.40914
187 3.08148 -0.91847 1.09512
188 3.07901 -0.92094 0.76396
189 3.11119 -0.888768 1.49428
190 3.20359 -0.796366 0.342092
191 3.21893 -0.781022 0.624201
192 3.29146 -0.708498 1.00988
193 3.29016 -0.709791 0.483662
194 3.24269 -0.757261 0.361347
195 3.17065 -0.829304 1.5224
196 3.09893 -0.901024 0.18833
197 3.20729 -0.792666 1.29502
198 3.20314 -0.796813 0.237745
199 3.19367 -0.806287 0.304896
200 3.12478 -0.875174 1.24266
201 3.05789 -0.942069 0.962532
202 3.11112 -0.888837 1.78115
203 3.1702 -0.829759 0.572762
204 3.19928 -0.800672 1.26651
205 3.26928 -0.730671 1.3395
206 3.26465 -0.735301 1.59074
207 3.19093 -0.80902 0.491689
208 3.1432 -0.856754 0.422688
209 3.19723 -0.802727 0.678632
210 3.2394 -0.760555 1.31225
211 3.32772 -0.672238 0.360771
212 3.24661 -0.753342 1.21617
213 3.18005 -0.81991 0.202682
214 3.20821 -0.791743 0.207403
215 3.12052 -0.879437 1.60266
216 3.10213 -0.897824 0.467782
217 3.14384 -0.856115 0.308418
218 3.21067 -0.789284 1.17915
219 3.24632 -0.753635 0.576167
220 3.23548 -0.764479 0.971794
221 3.10817 -0.891785 1.91996
222 3.07358 -0.926378 0.65811
223 3.11856 -0.881398 1.06102
224 3.21208 -0.787872 0.447565
225 3.16692 -0.833036 1.28785
226 3.09574 -0.904212 0.974497
227 3.06227 -0.937685 1.27407
228 3.11276 -0.887192 1.69993
229 3.13572 -0.864238 0.90298
230 3.17593 -0.824022 0.689181
231 3.23315 -0.766805 2.59479
232 3.36208 -0.637871 0.495693
233 3.33977 -0.660189 1.08221
234 3.15725 -0.842704 1.85063
235 3.12225 -0.877707 0.428066
236 3.08664 -0.913317 1.76316
237 3.00748 -0.992474 0.858872
238 3.02265 -0.97731 0.864801
239 3.02443 -0.975522 0.856989
240 3.12902 -0.870934 1.60562
241 3.23314 -0.766817 1.41211
242 3.30305 -0.69691 0.507026
243 3.34635 -0.653607 1.58511
244 3.29329 -0.706669 1.9707
245 3.24532 -0.754636 1.32716
246 3.24918 -0.750776 1.37995
247 3.12351 -0.876441 1.21268
248 3.05362 -0.946337 0.941045
249 3.09048 -0.909477 0.933629
250 3.08924 -0.910715 1.20611
251 3.0976 -0.902356 1.19916
252 3.13845 -0.861507 0.357129
253 3.30257 -0.697384 3.52644
254 3.36635 -0.6336 1.16775
255 3.17965 -0.820309 1.80565
256 3.11776 -0.882196 0.613424
257 3.12641 -0.873545 0.891443
258 3.09348 -0.906472 0.532873
259 3.12655 -0.873403 1.25221
260 3.18423 -0.815721 0.87691
261 3.24435 -0.755601 0.463623
262 3.22958 -0.77037 0.633882
263 3.2322 -0.767753 0.611162
264 3.15821 -0.841746 1.65937
265 3.1554 -0.844554 1.13572
266 3.19001 -0.809947 0.637091
267 3.13756 -0.86239 1.30602
268 2.38324 -1.61672 24.6068
269 4.55622 0.556262 6.30012
270 3.66799 -0.331966 8.34402
271 2.99505 -1.00491 7.13094
272 2.75364 -1.24632 2.9977
273 2.62865 -1.37131 3.05974
274 2.68518 -1.31478 0.85632
275 2.75878 -1.24117 0.833942
276 2.78724 -1.21271 0.992187
277 2.84124 -1.15872 0.536128
278 2.99205 -1.00791 2.64473
279 3.1376 -0.862354 1.00877
280 3.19778 -0.802177 2.25867
281 3.35309 -0.646862 1.41685
282 3.38757 -0.612385 0.709348
283 3.37103 -0.628925 0.521367
284 3.33817 -0.661782 0.9355
285 3.21375 -0.786204 1.81231
286 3.12841 -0.871541 1.36658
287 3.05561 -0.94434 6.82069
288 3.43737 -0.562588 7.66649
289 3.84244 -0.157517 3.96006
290 3.30453 -0.695422 6.03505
291 3.07471 -0.925248 1.82455
292 2.97026 -1.02969 1.21787
293 2.89161 -1.10835 2.7528
294 2.80768 -1.19228 1.78144
295 2.80544 -1.19452 0.846581
296 2.80472 -1.19524 1.06227
297 2.85655 -1.14341 1.23832
298 3.01447 -0.985484 2.85509
299 3.22331 -0.776647 0.790339
300 3.25833 -0.741629 0.549299
301 3.32699 -0.672969 1.99732
302 3.31711 -0.682845 1.38227
303 3.26 -0.739958 0.772891
304 3.22805 -0.771905 1.03328
305 3.29857 -0.701386 1.10796
306 3.28799 -0.711961 0.616538
307 3.23535 -0.764603 0.570732
308 3.14024 -0.859718 1.51253
309 3.14753 -0.852423 0.485685
310 3.13474 -0.865219 0.983427
311 3.13117 -0.868786 1.62886
312 3.04057 -0.959381 1.23572
313 3.00545 -0.994503 0.566354
314 3.11014 -0.889819 2.85859
315 3.29158 -0.708377 0.881117
316 3.28548 -0.71447 0.778536
317 3.24078 -0.759172 1.53919
318 3.19072 -0.809236 0.682773
319 3.25423 -0.745725 1.29523
320 3.34494 -0.655019 2.09107
321 3.30127 -0.698689 2.57806
322 3.10341 -0.896548 2.25209
323 2.98114 -1.01881 1.74749
324 2.9203 -1.07965 1.19996
325 2.95625 -1.0437 0.694289
326 3.07524 -0.924714 2.66575
327 3.2705 -0.729456 2.1445
328 3.28164 -0.718312 1.21214
329 3.22194 -0.778012 0.374665
330 3.17937 -0.820585 1.21519
331 3.09648 -0.903477 1.0519
332 3.08266 -0.91729 0.483471
333 3.1432 -0.856753 1.63593
334 3.25713 -0.742826 1.85336
335 3.28429 -0.715666 0.639503
336 3.27571 -0.724246 1.30281
337 3.17381 -0.826146 0.954614
338 3.10693 -0.893022 0.480964
339 3.07937 -0.920587 0.96504
340 3.06846 -0.931495 0.677741
341 3.04233 -0.957623 0.4751
342 3.07028 -0.929679 0.274958
343 3.11996 -0.879998 0.909362
344 3.22739 -0.772562 2.81552
345 3.32411 -0.675843 0.393758
346 3.27837 -0.721584 1.1656
347 3.25159 -0.748366 0.238178
348 3.17501 -0.824944 1.10991
349 3.1654 -0.834559 0.549137
350 3.107 -0.892951 0.569901
351 3.15301 -0.846945 0.640619
352 3.15086 -0.849094 0.634106
353 3.17561 -0.824344 0.900352
354 3.17836 -0.82159 0.880454
355 3.13875 -0.861205 0.52382
356 3.12517 -0.874786 0.655102
357 3.10934 -0.890619 0.449106
358 3.11606 -0.883893 0.506301
359 3.15143 -0.848521 1.67251
360 3.24594 -0.754015 0.731986
361 3.2936 -0.706358 1.24981
362 3.32499 -0.674967 0.495514
363 3.22039 -0.779561 1.45654
364 3.16509 -0.834868 0.312167
365 3.18289 -0.817065 0.682322
366 3.17661 -0.823349 0.362669
367 3.14123 -0.858722 1.25084
368 3.09921 -0.900747 0.888334
369 3.12513 -0.874822 1.74225
370 3.20754 -0.792411 1.50844
371 3.284 -0.715952 0.293566
372 3.22428 -0.775675 0.267985
373 3.21895 -0.781005 0.504815
374 3.20048 -0.799474 0.740257
375 3.26674 -0.733219 0.575481
376 3.2347 -0.765255 0.817518
377 3.12141 -0.878547 1.69006
378 3.02748 -0.972474 1.32058
379 3.06128 -0.938679 2.56564
380 3.22737 -0.77258 0.324178
381 3.1455 -0.854457 1.2744
382 3.1439 -0.856052 1.96146
383 3.24624 -0.753714 0.405261
384 3.20745 -0.792507 0.567818
385 3.14227 -0.857689 0.732626
386 3.20881 -0.791141 0.401138
387 3.1556 -0.844359 0.524597
388 3.13601 -0.863947 1.228
389 3.0782 -0.921757 0.675257
390 3.16616 -0.83379 0.678282
391 3.19651 -0.803445 0.252582
392 3.19355 -0.806409 0.425202
393 3.20266 -0.797292 0.312514
394 3.22743 -0.772528 1.16202
395 3.19017 -0.809785 1.43896
396 3.09553 -0.904421 1.02901
397 3.05716 -0.942797 0.555154
398 3.0479 -0.952053 0.679842
399 3.04937 -0.950586 0.312058
400 3.19625 -0.803708 2.92404
401 3.27691 -0.723048 0.624973
402 3.32659 -0.673362 1.04872
403 3.33359 -0.666362 0.703492
404 3.27353 -0.72642 0.411689
405 3.17867 -0.821289 1.73275
406 3.13441 -0.865545 0.557867
407 3.12917 -0.870786 0.783417
408 3.07108 -0.928876 1.24338
409 3.01631 -0.983649 0.903756
410 3.06786 -0.932093 0.622052
411 3.09874 -0.901218 0.743666
412 3.19539 -0.804564 1.36508
413 3.18524 -0.814719 0.657121
414 3.14046 -0.859499 0.575752
415 3.1653 -0.83465 1.89435
416 3.30385 -0.696105 0.456443
417 3.26331 -0.736645 0.580533
418 3.17899 -0.820967 1.01714
419 3.15411 -0.845846 0.414905
420 3.21801 -0.781944 1.53887
421 3.23869 -0.761264 0.220051
422 3.24159 -0.758369 0.411665
423 3.15876 -0.841199 1.27428
424 3.13656 -0.863393 0.437197
425 3.22131 -0.778641 1.70368
426 3.26722 -0.73273 0.576373
427 3.1845 -0.815452 0.889157
428 3.12282 -0.877132 1.47166
429 3.06131 -0.93864 0.657746
430 3.15823 -0.841725 0.875057
431 3.10115 -0.898803 0.893365
432 3.15608 -0.843872 2.00947
433 3.23325 -0.766701 0.214603
434 3.21984 -0.780114 0.238753
435 3.18315 -0.816804 0.544003
436 3.27131 -0.728648 0.586813
437 3.32882 -0.671139 2.44657
438 3.31054 -0.689411 2.11887
439 3.13593 -0.864029 1.97776
440 3.04417 -0.955781 0.948247
441 3.07006 -0.929897 0.916765
442 3.17462 -0.825337 1.33016
443 3.2294 -0.770552 0.719384
444 3.25528 -0.744671 0.519462
445 3.24059 -0.759365 0.363207
446 3.2328 -0.767158 0.662594
447 3.24179 -0.75816 0.504217
448 3.15079 -0.849166 2.02708
449 3.03026 -0.969696 1.58479
450 2.99907 -1.00088 0.803402
451 3.0498 -0.950156 1.31278
452 3.1804 -0.819558 0.918574
453 3.21241 -0.787543 1.15771
454 3.27503 -0.724924 0.909741
455 3.30885 -0.691109 0.640857
456 3.25407 -0.745881 1.46039
457 3.23413 -0.765829 0.323307
458 3.1822 -0.817754 0.798243
459 3.08556 -0.914395 1.63167
460 3.00871 -0.991243 1.13733
461 3.06994 -0.930015 1.09107
462 3.06772 -0.932231 0.691646
463 3.13215 -0.867802 1.70736
464 3.2135 -0.78645 0.740739
465 3.26645 -0.733509 1.24235
466 3.31178 -0.688172 0.494043
467 3.23436 -0.765591 1.50879
468 3.24219 -0.75776 0.99286
469 3.18424 -0.81571 1.46407
470 3.08777 -0.912187 1.20332
471 3.119 -0.880951 1.20327
472 3.16148 -0.838473 0.544929
473 3.21065 -0.789308 0.27127
474 3.18635 -0.813602 0.273015
475 3.1672 -0.832752 0.209034
476 3.20292 -0.797039 0.678872
477 3.19884 -0.801112 0.592679
478 3.18213 -0.817828 1.11299
479 3.14844 -0.851518 1.34418
480 3.1034 -0.896558 0.522068
481 3.1113 -0.888656 0.89117
482 3.17798 -0.821978 1.22621
483 3.25268 -0.747274 1.0171
484 3.29513 -0.704828 0.663061
485 3.33376 -0.666197 0.420113
486 3.25883 -0.741123 1.03618
487 3.17664 -0.823312 0.846889
488 3.09944 -0.900514 0.620849
489 3.04946 -0.950491 1.4936
490 3.01281 -0.987149 0.386101
491 3.06984 -0.930114 0.443661
492 3.06329 -0.936668 0.65984
493 3.09361 -0.906342 0.753729
494 3.16399 -0.835965 1.63716
495 3.22416 -0.775798 0.41625
496 3.24785 -0.7521 1.28075
497 3.2931 -0.706857 0.326687
498 3.28039 -0.719566 1.77384
499 3.39463 -0.605327 1.24862
500 3.30324 -0.696716 2.32893
501 3.17235 -0.827605 0.161477
502 3.14497 -0.854984 1.12858
503 3.15878 -0.841177 0.955843
504 3.25634 -0.743614 1.69668
505 3.2515 -0.748455 1.45946
506 3.09364 -0.906315 2.29092
507 2.98161 -1.01834 1.35188
508 3.04909 -0.950863 1.47387
509 3.07224 -0.927712 0.834552
510 3.05205 -0.9479 0.662383
511 3.04596 -0.953998 0.682168
512 3.10312 -0.89684 2.34119
513 3.23733 -0.76262 0.284368
514 3.30862 -0.691339 1.93189
515 3.3438 -0.656153 0.703415
516 3.32896 -0.670992 0.849796
517 3.26485 -0.7351 0.227033
518 3.23456 -0.765393 1.07836
519 3.235 -0.764959 1.08539
520 3.17341 -0.826548 1.63253
521 3.0925 -0.90745 0.767407
522 3.04728 -0.952677 1.10217
523 3.0539 -0.946058 0.298678
524 3.08672 -0.913231 1.09401
525 3.17444 -0.82551 1.02903
526 3.26724 -0.73271 0.624138
527 3.27638 -0.723576 0.519008
528 3.19747 -0.802488 1.59047
529 3.14016 -0.859796 0.307671
530 3.07841 -0.921543 1.29033
531 3.05451 -0.945442 0.585836
532 3.06228 -0.937679 0.637684
533 3.1343 -0.86565 1.50643
534 3.21534 -0.784613 1.45735
535 3.28502 -0.714938 0.202492
536 3.26711 -0.732841 0.257415
537 3.25408 -0.745874 0.870233
538 3.31575 -0.684207 0.389588
539 3.25418 -0.745778 0.806635
540 3.18961 -0.810345 0.650731
541 3.10691 -0.893043 1.09751
542 3.14749 -0.852467 0.793789
543 3.12016 -0.87979 1.34036
544 3.1127 -0.887252 0.968285
545 3.17534 -0.824612 0.48812
546 3.2379 -0.762058 1.15075
547 3.21692 -0.783035 1.08003
548 3.18045 -0.819509 0.544326
549 3.10489 -0.895062 1.21888
550 3.10333 -0.896625 1.04487
551 3.14789 -0.852064 0.531413
552 3.21612 -0.783833 1.18828
553 3.28353 -0.716429 0.576961
554 3.27646 -0.723498 0.830603
555 3.286 -0.713957 1.17109
556 3.21693 -0.783022 0.218548
557 3.13409 -0.865866 2.04979
558 3.08757 -0.912383 0.378277
559 3.055 -0.94495 1.52562
560 3.09692 -0.903032 1.45364
561 3.14966 -0.850296 0.239491
562 3.16033 -0.839622 0.907925
563 3.20283 -0.797122 0.285673
564 3.20797 -0.791985 0.331994
565 3.18801 -0.811947 0.85277
566 3.17777 -0.822185 0.995919
567 3.15907 -0.840886 0.202191
568 3.11519 -0.884766 1.10437
569 3.10291 -0.897047 0.285147
570 3.1287 -0.87125 0.547675
571 3.16967 -0.830281 0.270685
572 3.22093 -0.779021 1.07022
573 3.20094 -0.799011 0.671832
574 3.21127 -0.788683 1.02337
575 3.20786 -0.792091 0.87502
576 3.19438 -0.805575 0.305988
577 3.23644 -0.763519 0.467179
578 3.20092 -0.799036 0.273734
579 3.1323 -0.867659 1.26345
580 3.0955 -0.904458 0.497323
581 3.10582 -0.894134 0.353001
582 3.1836 -0.81635 2.21645
583 3.27305 -0.726909 0.234993
584 3.2159 -0.784052 0.199523
585 3.23369 -0.766264 0.744913
586 3.26526 -0.734695 0.527902
587 3.27634 -0.72361 0.322521
588 3.29658 -0.703377 0.246667
589 3.20379 -0.796162 1.65656
590 3.05549 -0.944462 1.855
591 3.02095 -0.979009 0.373581
592 2.99838 -1.00157 0.998182
593 3.00207 -0.997881 0.758781
594 3.09538 -0.904573 0.686354
595 3.17834 -0.821618 0.888673
596 3.16276 -0.837199 0.481484
597 3.17349 -0.826464 0.512307
598 3.18131 -0.818641 0.398778
599 3.17909 -0.820869 0.614642
600 3.17896 -0.820998 0.360864
601 3.21164 -0.788313 2.02752
602 3.32237 -0.677587 0.443994
603 3.31795 -0.682009 1.68602
604 3.38604 -0.613915 0.714295
605 3.34559 -0.654361 1.51143
606 3.2851 -0.714853 0.754164
607 3.26718 -0.732777 0.651807
608 3.18884 -0.811114 1.6753
609 3.02545 -0.974501 2.33925
610 2.97566 -1.02429 0.851573
611 2.95456 -1.0454 1.07499
612 3.04952 -0.950438 0.965341
613 3.11786 -0.882095 2.10418
614 3.18357 -0.816385 0.399024
615 3.19934 -0.800617 0.461887
616 3.22897 -0.770981 0.984185
617 3.2606 -0.739354 0.500771
618 3.23085 -0.769103 0.845535
619 3.25373 -0.746227 0.843129
620 3.13619 -0.863764 1.6868
621 3.09103 -0.908927 0.283444
622 3.0769 -0.92305 0.26735
623 3.06855 -0.931409 1.00914
624 3.12115 -0.878803 2.03223
625 3.16376 -0.836191 0.886268
626 3.1689 -0.831059 1.33426
627 3.28277 -0.717184 1.75726
628 3.36565 -0.63431 1.59443
629 3.38862 -0.611333 0.411221
630 3.34504 -0.654915 1.31278
631 3.14613 -0.853825 2.36906
632 3.09916 -0.90079 1.13554
633 3.14404 -0.855918 1.01366
634 3.15367 -0.846288 1.38513
635 3.18434 -0.815615 0.900035
636 3.10549 -0.894468 0.618845
637 3.10727 -0.892683 0.480233
638 3.0969 -0.90305 0.316143
639 3.11671 -0.88324 0.963054
640 3.12158 -0.878379 1.16519
641 3.14033 -0.859622 0.807984
642 3.13615 -0.863801 0.834661
643 3.12924 -0.870717 1.35671
644 3.22258 -0.777379 1.15961
645 3.28371 -0.716244 1.0129
646 3.30818 -0.691778 0.636339
647 3.31211 -0.687846 0.366192
648 3.19999 -0.799965 1.9446
649 3.15343 -0.846522 0.361756
650 3.08702 -0.912937 0.677208
651 3.07153 -0.928427 0.325782
652 3.10523 -0.894727 0.300491
653 3.06104 -0.938919 0.952738
654 3.12878 -0.87117 2.13686
655 3.23025 -0.769704 1.1248
656 3.22134 -0.778612 1.27685
657 3.13045 -0.869501 1.10651
658 3.13424 -0.865717 1.25372
659 3.20323 -0.796726 0.203491
660 3.20146 -0.798492 0.52857
661 3.21486 -0.785096 0.272457
662 3.15381 -0.846146 1.19346
663 3.19247 -0.807486 1.63332
664 3.24399 -0.755964 0.848998
665 3.21226 -0.787697 1.45467
666 3.1907 -0.809254 0.44237
667 3.17048 -0.829475 0.316409
668 3.15581 -0.844145 0.223407
669 3.11233 -0.887629 0.713282
670 3.15737 -0.842589 0.273412
671 3.10277 -0.897182 0.912563
672 3.06379 -0.936164 0.617334
673 3.0533 -0.946656 0.478101
674 3.11061 -0.889343 0.823754
675 3.20876 -0.79119 1.70615
676 3.30553 -0.694429 1.32114
677 3.34088 -0.65907 0.500222
678 3.28602 -0.713934 0.570642
679 3.2616 -0.738351 1.46779
680 3.30248 -0.697478 0.99101
681 3.17217 -0.827788 1.47724
682 3.12897 -0.870986 1.70666
683 2.99074 -1.00922 1.2588
684 2.97643 -1.02352 0.535057
685 3.04332 -0.956633 0.638456
686 3.06135 -0.938608 0.33506
687 3.1504 -0.849558 2.82131
688 3.28873 -0.711223 0.365891
689 3.28305 -0.716907 0.208786
690 3.21601 -0.783945 1.01713
691 3.22882 -0.77113 2.27088
692 3.26501 -0.734949 1.41942
693 3.19369 -0.806261 0.550426
694 3.14836 -0.851591 0.574522
695 3.12513 -0.874822 0.543352
696 3.07734 -0.922611 0.878815
697 3.09286 -0.907092 0.587725
698 3.17962 -0.820333 1.352
699 3.22527 -0.77468 0.859762
700 3.334 -0.665957 2.12735
701 3.35415 -0.645803 0.672731
702 3.26176 -0.738192 0.513826
703 3.19699 -0.802967 1.83126
704 3.07241 -0.927545 1.59469
705 3.08927 -0.910689 0.679658
706 3.05297 -0.946987 1.0107
707 3.12943 -0.870521 2.11878
708 3.23021 -0.769748 0.538951
709 3.13012 -0.869835 0.809515
710 3.14791 -0.852043 1.38403
711 3.21066 -0.78929 0.431604
712 3.18303 -0.816927 0.646883
713 3.16805 -0.831908 0.964098
714 3.11749 -0.882465 1.15583
715 3.17636 -0.823594 0.449436
716 3.25185 -0.748109 0.785923
717 3.2578 -0.742157 0.671536
718 3.26497 -0.734989 0.589787
719 3.2386 -0.761359 0.673023
720 3.30818 -0.691773 1.20692
721 3.28584 -0.71412 1.17686
722 3.15166 -0.848296 1.60361
723 3.08871 -0.911247 1.1304
724 3.03264 -0.967319 1.24759
725 2.99837 -1.00159 0.6846
726 2.9946 -1.00535 0.801648
727 3.14646 -0.853491 2.3577
728 3.20289 -0.797063 0.670033
729 3.16569 -0.834262 0.431992
730 3.21195 -0.788004 1.25705
731 3.26947 -0.730486 0.225168
732 3.25695 -0.743008 0.272352
733 3.19851 -0.801445 0.176617
734 3.19185 -0.808106 0.816008
735 3.12756 -0.872399 0.174593
736 3.17812 -0.82183 1.01176
737 3.24022 -0.759734 0.833035
738 3.2773 -0.72265 0.56197
739 3.27195 -0.728006 0.737466
740 3.20495 -0.795 0.792842
741 3.15293 -0.847021 0.675032
742 3.1197 -0.880256 0.359591
743 3.06962 -0.930331 1.27499
744 3.01376 -0.986192 0.948386
745 3.0038 -0.99615 0.498844
746 3.09135 -0.908603 1.69508
747 3.21646 -0.783491 1.57754
748 3.25162 -0.748336 0.615086
749 3.24724 -0.752719 0.16338
750 3.28153 -0.71842 1.92248
751 3.27264 -0.727313 1.63185
752 3.19278 -0.807177 0.474782
753 3.16858 -0.831374 0.181817
754 3.1264 -0.873558 0.886504
755 3.10768 -0.892277 1.0403
756 3.03989 -0.960067 0.605684
757 3.06362 -0.936335 0.527878
758 3.18502 -0.814936 2.22694
759 3.31872 -0.681236 2.23139
760 3.32579 -0.674165 1.61541
761 3.18212 -0.817839 1.57449
762 3.14672 -0.853231 0.745506
763 3.16579 -0.834166 0.585435
764 3.24911 -0.750846 1.16748
765 3.30268 -0.697274 0.418535
766 3.25341 -0.74654 0.952089
767 3.19541 -0.804546 1.03029
768 3.05729 -0.942662 1.59336
769 2.98634 -1.01361 1.13751
770 2.97353 -1.02643 0.619263
771 3.11864 -0.88131 3.41979
772 3.33491 -0.665045 0.831953
773 3.32161 -0.678343 0.71243
774 3.2699 -0.730055 1.34043
775 3.23732 -0.762637 0.984233
776 3.29575 -0.704206 0.757807
777 3.2183 -0.781654 0.824292
778 3.13765 -0.862305 0.62499
779 3.17864 -0.821312 0.655499
780 3.21763 -0.782325 0.39056
781 3.20013 -0.799826 0.640312
782 3.22139 -0.778564 1.58663
783 3.19275 -0.807208 2.08126
784 3.0543 -0.945652 1.73488
785 3.00181 -0.998145 0.307357
786 3.00528 -0.99467 0.978567
787 3.07288 -0.927077 1.40746
788 3.10613 -0.893829 0.499828
789 3.16881 -0.831142 0.618488
790 3.21862 -0.781336 1.43936
791 3.23469 -0.765262 0.933629
792 3.19915 -0.800801 1.13164
793 3.2077 -0.792254 1.21626
794 3.18598 -0.813979 1.37874
795 3.2536 -0.746351 0.538738
796 3.21211 -0.78784 0.468114
797 3.19589 -0.804069 0.918902
798 3.24947 -0.75048 0.55749
799 3.19167 -0.808284 1.74056
800 3.1436 -0.856356 0.573262
801 3.14582 -0.854137 1.20349
802 3.04706 -0.952893 1.1952
803 3.12677 -0.873182 2.1537
804 3.13345 -0.866504 1.02581
805 3.14112 -0.858836 1.29846
806 3.21329 -0.786666 0.232928
807 3.29748 -0.702476 2.39504
808 3.34318 -0.656778 0.472633
809 3.31312 -0.686833 1.06051
810 3.28148 -0.718479 1.07469
811 3.20697 -0.792984 2.31669
812 3.05043 -0.949528 1.99722
813 3.02516 -0.974798 0.714683
814 3.11168 -0.888279 1.05546
815 3.15946 -0.840492 0.817127
816 3.2247 -0.775251 1.20503
817 3.26443 -0.735521 0.756137
818 3.19588 -0.804071 0.752531
819 3.22904 -0.770914 10.0649
820 3.71715 -0.282805 3.42885
821 3.43098 -0.568972 1.23649
822 3.17192 -0.828031 4.63797
823 2.89312 -1.10683 3.40407
824 2.7608 -1.23916 2.65609
825 2.78911 -1.21084 1.0425
826 2.89739 -1.10256 0.519652
827 2.94875 -1.0512 1.08675
828 3.08492 -0.91504 1.09419
829 3.2071 -0.79285 1.28733
830 3.19326 -0.806695 0.790586
831 3.2508 -0.749151 1.55535
832 3.2683 -0.731656 0.322398
833 3.18211 -0.817847 1.00675
834 3.17101 -0.828944 0.807574
835 3.24683 -0.753122 0.292604
836 3.22074 -0.779211 0.17353
837 3.21093 -0.78902 0.161794
838 3.20229 -0.797661 0.162712
839 3.16735 -0.832602 0.156245
840 3.18752 -0.812439 0.182076
841 3.17879 -0.821168 0.166413
842 3.02899 -0.970969 9.08995
843 3.77477 -0.225184 1.14117
844 3.5341 -0.465857 3.14703
845 3.26666 -0.733293 2.56635
846 3.13493 -0.865027 0.88405
847 3.03822 -0.96173 2.40413
848 2.93353 -1.06643 1.73832
849 2.94743 -1.05253 0.583658
850 2.90524 -1.09471 1.51299
851 2.98375 -1.01621 2.56991
852 3.18375 -0.816209 1.59149
853 3.30475 -0.695201 0.548592
854 3.25794 -0.742019 0.597692
855 3.20342 -0.796531 1.73302
856 3.182 -0.817958 0.532463
857 3.11896 -0.88099 1.59538
858 3.08363 -0.91632 0.259146
859 3.04373 -0.956228 0.989138
860 3.08554 -0.914418 1.84874
861 3.16801 -0.831945 0.541963
862 3.13669 -0.863262 0.823951
863 3.15072 -0.849232 1.41118
864 3.24375 -0.756208 0.802209
865 3.20918 -0.790779 1.14094
866 3.23011 -0.769844 2.50765
867 3.29834 -0.70162 0.586691
868 3.31061 -0.689346 0.713184
869 3.21716 -0.782791 2.01174
870 3.1242 -0.875751 0.93985
871 3.0334 -0.96655 1.1381
872 3.10498 -0.894974 1.70223
873 3.20728 -0.792671 0.583514
874 3.23563 -0.764326 0.644119
875 3.23901 -0.760948 0.689154
876 3.19947 -0.800481 1.53474
877 3.19722 -0.802736 1.60068
878 3.18732 -0.812634 1.75273
879 3.14669 -0.85326 0.528972
880 3.10418 -0.895775 1.45929
881 3.06248 -0.93747 0.930093
882 3.06967 -0.930287 1.3
883 3.1563 -0.843651 0.212421
884 3.15394 -0.846019 0.722319
885 3.1497 -0.850258 1.45371
886 3.27103 -0.728928 1.12796
887 3.27222 -0.727731 0.983056
888 3.35913 -0.64082 0.49209
889 3.28 -0.719958 0.865543
890 3.15191 -0.848049 1.77273
891 3.04385 -0.956101 1.47904
892 2.99556 -1.0044 0.801485
893 3.07486 -0.925094 0.70687
894 3.06937 -0.930587 0.475971
895 3.11649 -0.88346 1.46425
896 3.21087 -0.789087 0.457467
897 3.23085 -0.7691 0.334088
898 3.21247 -0.787488 0.265898
899 3.33884 -0.661112 3.13125
900 3.38569 -0.614268 1.06333
901 3.22725 -0.772703 1.81292
902 3.10344 -0.89651 1.25645
903 3.11052 -0.889438 0.78403
904 3.15782 -0.842134 0.329712
905 3.12765 -0.872301 1.1129
906 3.04439 -0.955565 0.927025
907 3.06464 -0.935315 0.531694
908 3.13297 -0.86698 1.54305
909 3.17823 -0.82172 0.699018
910 3.22345 -0.7765 2.32345
911 3.26772 -0.732237 0.823536
912 3.24797 -0.751989 0.27913
913 3.26355 -0.736405 0.602466
914 3.24056 -0.759396 0.680074
915 3.19742 -0.802538 1.62929
916 3.19993 -0.800029 2.1078
917 3.29177 -0.708188 0.256566
918 3.28123 -0.718729 0.202616
919 3.23572 -0.76423 1.27409
920 3.16699 -0.832969 0.0867716
921 3.0949 -0.905058 2.03346
922 3.01948 -0.980479 1.45025
923 2.95261 -1.04735 0.81387
924 3.01293 -0.987026 0.555926
925 3.08755 -0.912401 1.60841
926 3.14747 -0.852482 0.585384
927 3.16385 -0.836105 0.965336
928 3.24193 -0.758029 1.39657
929 3.33809 -0.661869 0.931386
930 3.27835 -0.721601 1.10849
931 3.2536 -0.746351 0.692717
932 3.20415 -0.795809 1.68008
933 3.09014 -0.909814 1.38713
934 3.07261 -0.92734 0.513736
935 3.02518 -0.974774 0.816674
936 3.03113 -0.968826 0.745392
937 3.13932 -0.860632 2.94799
938 3.33379 -0.666164 0.97719
939 3.36776 -0.632191 0.714444
940 3.40194 -0.598017 1.26072
941 3.3672 -0.632753 1.48729
942 3.21932 -0.780638 1.69962
943 3.04966 -0.950291 2.13657
944 2.98399 -1.01597 1.0469
945 2.96006 -1.0399 0.515419
946 3.05416 -0.945795 1.44318
947 3.16304 -0.836911 1.27747
948 3.22971 -0.770246 0.226192
949 3.26239 -0.737569 0.910216
950 3.21261 -0.787341 1.32697
951 3.18452 -0.815433 0.963077
952 3.28018 -0.719773 1.43911
953 3.23497 -0.764984 1.77153
954 3.10614 -0.893817 1.54358
955 3.03632 -0.963633 0.788672
956 3.08673 -0.913224 0.735708
957 3.12711 -0.872847 0.376991
958 3.13354 -0.866411 0.303207
959 3.12038 -0.879576 0.524083
960 3.17598 -0.823975 1.8526
961 3.28966 -0.710299 1.10243
962 3.32226 -0.677691 0.561903
963 3.28018 -0.71977 1.04327
964 3.14164 -0.858315 1.58946
965 3.05614 -0.94381 0.908962
966 3.14654 -0.853418 1.31655
967 3.18721 -0.812741 1.00038
968 3.24696 -0.752999 0.841617
969 3.34786 -0.652094 1.21158
970 3.29929 -0.700662 0.987525
971 3.29992 -0.700039 1.25952
972 3.33275 -0.667203 0.640172
973 3.20465 -0.795308 2.64681
974 3.03004 -0.969913 2.21077
975 2.93482 -1.06513 1.53162
976 2.94911 -1.05085 0.504345
977 3.0121 -0.987853 1.20879
978 3.11602 -0.883935 1.54185
979 3.26425 -0.735701 2.73774
980 3.31884 -0.681119 1.41905
981 3.28606 -0.713891 1.07014
982 3.31443 -0.685528 0.429037
983 3.19125 -0.808705 1.76785
984 3.07236 -0.927592 1.53306
985 3.04648 -0.953476 0.264353
986 3.03214 -0.96781 0.867576
987 3.07343 -0.926526 1.52659
988 3.21243 -0.787523 3.49875
989 3.39361 -0.606342 0.511287
990 3.40486 -0.595092 0.829828
991 3.36641 -0.633548 0.504992
992 3.30545 -0.694506 0.634806
993 3.2074 -0.792553 2.73361
994 3.22906 -0.770896 3.19855
995 3.01809 -0.981868 2.57724
996 2.93159 -1.06836 0.772602
997 2.98999 -1.00997 0.906317
998 3.01101 -0.988945 1.15596
999 3.03913 -0.960824 1.35233
1000 3.15621 -0.843748 1.37507
1001 3.23731 -0.762643 0.568383
1002 3.26335 -0.736603 0.934863
1003 3.22546 -0.774492 1.5539
1004 3.11358 -0.886379 1.29292
1005 3.04559 -0.954365 0.961332
1006 3.06138 -0.938576 0.683923
1007 3.10244 -0.89751 1.58603
1008 3.17663 -0.823328 0.815691
1009 3.26561 -0.734346 1.25873
1010 3.27137 -0.728587 0.794156
1011 3.23816 -0.761792 0.389001
1012 3.15676 -0.843197 1.27477
1013 3.14214 -0.857817 1.3576
1014 3.22016 -0.779791 0.463421
1015 3.1372 -0.862754 1.27121
1016 3.06725 -0.932701 0.9484
1017 3.04203 -0.957929 0.394301
1018 3.12267 -0.877286 3.31886
1019 3.26395 -0.736001 1.1215
1020 3.17061 -0.829341 1.05567
1021 3.16445 -0.835505 1.24103
1022 3.22387 -0.776082 0.30473
1023 3.18738 -0.81257 1.08792
1024 3.09149 -0.908468 0.902021
1025 3.16418 -0.835779 1.74206
1026 3.17781 -0.822144 0.396405
1027 3.18208 -0.817878 0.530774
1028 3.15975 -0.840208 0.793297
1029 3.23888 -0.761072 3.00667
1030 3.28077 -0.719185 1.37284
1031 3.23627 -0.763684 0.878726
1032 3.27658 -0.723371 0.675299
1033 3.27432 -0.725639 0.796722
1034 3.22563 -0.77432 0.49155
1035 3.13478 -0.865171 1.87477
1036 3.05815 -0.941802 0.845737
1037 3.06986 -0.930097 1.26926
1038 3.08922 -0.910731 3.13422
1039 3.22405 -0.775906 1.59778
1040 3.20486 -0.795097 0.638601
1041 3.2138 -0.786152 0.666907
1042 3.2424 -0.757552 0.513734
1043 3.25284 -0.747119 0.414565
1044 3.17326 -0.826699 1.99409
1045 3.04917 -0.950786 1.59288
1046 2.97849 -1.02147 1.16955
1047 2.96344 -1.03652 0.652644
1048 3.07899 -0.920964 1.59804
1049 3.11728 -0.882673 0.499571
1050 3.15758 -0.842374 1.78136
1051 3.29241 -0.707545 1.04807
1052 3.29033 -0.709626 0.216042
1053 3.22919 -0.770761 0.793869
1054 3.27943 -0.720529 2.1295
1055 3.40681 -0.593148 1.08855
1056 3.26711 -0.73284 2.10631
1057 3.10983 -0.890125 1.82848
1058 3.06536 -0.934596 0.328093
1059 3.14126 -0.858697 2.42745
1060 3.27479 -0.72516 0.994922
1061 3.24699 -0.752967 1.52729
1062 3.20084 -0.799116 0.302071
1063 3.19233 -0.807623 0.866571
1064 3.09167 -0.90828 1.35455
1065 3.02552 -0.974436 1.38574
1066 3.02416 -0.975796 0.545009
1067 2.99827 -1.00169 0.632198
1068 3.04622 -0.953733 0.836273
1069 3.07559 -0.924364 0.242924
1070 3.13684 -0.863115 1.98841
1071 3.27003 -0.729925 1.42361
1072 3.26986 -0.730096 0.816896
1073 3.2638 -0.73615 1.83044
1074 3.3766 -0.623356 0.803276
1075 3.34073 -0.659222 1.0457
1076 3.18199 -0.817966 1.79286
1077 3.13982 -0.860138 0.867042
1078 3.10377 -0.896185 0.33041
1079 3.10618 -0.89377 0.229245
1080 3.12113 -0.878821 0.239526
1081 3.15431 -0.845647 1.21064
1082 3.21639 -0.78356 0.155359
1083 3.22165 -0.778305 0.96372
1084 3.25225 -0.747703 0.455346
1085 3.16017 -0.839789 1.35815
1086 3.07475 -0.925205 1.15794
1087 3.09178 -0.908175 1.25193
1088 3.13176 -0.868192 0.674066
1089 3.16797 -0.831987 1.24802
1090 3.24605 -0.753905 1.03259
1091 3.29255 -0.707406 0.743047
1092 3.24838 -0.751573 1.38505
1093 3.19673 -0.803225 0.674325
1094 3.17383 -0.826125 0.817764
1095 3.19136 -0.80859 1.25653
1096 3.07631 -0.923643 1.37805
1097 3.01288 -0.987078 1.03391
1098 3.03696 -0.962996 1.25625
1099 3.16802 -0.831934 1.45036
1100 3.24067 -0.759286 0.221254
1101 3.23103 -0.768928 0.198318
1102 3.25181 -0.748145 0.204406
1103 3.21683 -0.783123 0.196519
1104 3.17748 -0.822471 0.193764
1105 3.18955 -0.810403 0.226342
1106 3.20283 -0.797127 1.23545
1107 3.24733 -0.752623 0.532571
1108 3.14745 -0.852507 1.51318
1109 3.13311 -0.866844 0.975158
1110 3.18353 -0.816421 0.336843
1111 3.20252 -0.797434 0.767936
1112 3.18801 -0.811945 0.818949
1113 3.23256 -0.767393 0.654167
1114 3.23746 -0.762491 0.748152
1115 3.20041 -0.799549 0.544354
1116 3.14971 -0.850248 1.74714
1117 3.0985 -0.901454 0.581948
1118 3.0427 -0.957259 0.751579
1119 3.09261 -0.907341 0.303123
1120 3.12631 -0.873649 0.863105
1121 3.15707 -0.842882 0.433447
1122 3.18584 -0.814115 0.998575
1123 3.26709 -0.732863 1.16508
1124 3.30062 -0.699339 0.398891
1125 3.27398 -0.725978 0.741315
1126 3.30579 -0.694166 0.368759
1127 3.18585 -0.814109 1.33347
1128 3.14441 -0.85555 0.555695
1129 3.07051 -0.929445 1.35145
1130 3.02608 -0.973878 0.617128
1131 3.0179 -0.982057 0.730601
1132 3.05532 -0.944631 0.691792
1133 3.16376 -0.836197 2.64994
1134 3.30163 -0.698322 1.34615
1135 3.33662 -0.663332 0.482028
1136 3.36255 -0.637409 1.40574
1137 3.33619 -0.663769 0.700353
1138 3.27125 -0.728706 0.950594
1139 3.18747 -0.812487 1.09004
1140 3.06889 -0.931064 1.64381
1141 3.01761 -0.982345 0.345778
1142 3.05682 -0.943135 0.214439
1143 3.07631 -0.923648 0.245477
1144 3.10513 -0.894825 0.316532
1145 3.17811 -0.821848 1.59149
1146 3.23599 -0.763969 0.114355
1147 3.22546 -0.774493 0.106949
1148 3.2138 -0.786157 0.206193
1149 3.2275 -0.772459 0.682795
1150 3.25276 -0.747197 0.800587
1151 3.26907 -0.730888 1.55599
1152 3.23778 -0.762174 1.76313
1153 3.21874 -0.781211 1.60227
1154 3.20219 -0.797768 1.89499
1155 3.12906 -0.870896 0.543908
1156 3.12772 -0.872239 0.722705
1157 3.16502 -0.834931 0.400834
1158 3.15084 -0.849117 0.666278
1159 3.18734 -0.812614 0.418231
1160 3.11403 -0.885928 1.08223
1161 3.05899 -0.940961 1.0781
1162 3.08927 -0.910688 1.78386
1163 3.21865 -0.781305 1.15854
1164 3.30629 -0.693668 0.617117
1165 3.29273 -0.707227 0.4373
1166 3.26533 -0.734622 0.475769
1167 3.17986 -0.820092 1.68154
1168 3.0977 -0.902258 0.308307
1169 3.0662 -0.933755 1.28907
1170 3.09753 -0.902427 0.857513
1171 3.10336 -0.896598 0.296045
1172 3.16008 -0.839873 0.471053
1173 3.18828 -0.811679 0.15023
1174 3.18522 -0.814733 1.21503
1175 3.33279 -0.667162 1.53726
1176 3.34123 -0.658729 0.563012
1177 3.31676 -0.683191 1.09432
1178 3.18535 -0.814601 1.49851
1179 3.07634 -0.92361 1.7633
1180 3.07219 -0.927764 1.31762
1181 3.17201 -0.827941 0.649609
1182 3.18316 -0.816799 0.6406
1183 3.18813 -0.811821 0.709074
1184 3.14432 -0.855631 0.559296
1185 3.13799 -0.861964 0.731453
1186 3.17163 -0.828325 0.464138
1187 3.09642 -0.903534 1.26183
1188 3.03588 -0.964074 0.941566
1189 3.00934 -0.990612 0.60012
1190 3.05847 -0.941482 0.894277
1191 3.17124 -0.828713 1.67748
1192 3.24569 -0.754265 0.444965
1193 3.21111 -0.788847 0.625158
1194 3.27106 -0.728891 0.613582
1195 3.29267 -0.707287 0.50245
1196 3.28634 -0.713613 0.4521
1197 3.24906 -0.750894 0.503367
1198 3.1771 -0.822855 1.60689
1199 3.08385 -0.916109 0.8802
1200 3.0848 -0.915158 0.533696
1201 3.18034 -0.819613 1.6002
1202 3.20913 -0.790821 0.232512
1203 3.14214 -0.857812 1.12113
1204 3.14085 -0.859102 1.16589
1205 3.2148 -0.785154 1.49501
1206 3.34269 -0.657267 0.801782
1207 3.38877 -0.611183 1.03327
1208 3.27372 -0.726231 1.03226
1209 3.22784 -0.772113 0.247699
1210 3.25861 -0.741346 0.328176
1211 3.11519 -0.884762 2.23181
1212 3.02278 -0.977171 0.581743
1213 3.06367 -0.936285 0.91818
1214 3.12395 -0.876005 0.342724
1215 3.11813 -0.881828 0.297749
1216 3.13675 -0.863202 1.03905
1217 3.23074 -0.769219 0.814175
1218 3.25579 -0.744169 1.45259
1219 3.24022 -0.759733 1.75933
1220 3.10979 -0.89016 1.54878
1221 3.13745 -0.862504 1.46642
1222 3.11067 -0.889283 1.41721
1223 3.08793 -0.91202 0.346011
1224 3.1498 -0.850158 0.997029
1225 3.11838 -0.881579 0.933139
1226 3.12009 -0.879869 0.511226
1227 3.16882 -0.831134 1.40395
1228 3.28159 -0.718369 1.96316
1229 3.28689 -0.713068 1.457
1230 3.1936 -0.806356 0.342011
1231 3.27136 -0.728593 1.04851
1232 3.17093 -0.82902 1.57667
1233 3.13975 -0.860205 0.768329
1234 3.23646 -0.763495 1.51632
1235 3.26056 -0.73939 0.756433
1236 3.19827 -0.801681 0.782123
1237 3.14949 -0.85046 0.617912
1238 3.12606 -0.873896 0.526367
1239 3.06157 -0.938389 1.23856
1240 3.01202 -0.987931 0.858393
1241 3.00707 -0.992883 0.667639
1242 3.09862 -0.901335 1.80436
1243 3.20969 -0.790267 0.502099
1244 3.22926 -0.770692 0.434357
1245 3.25959 -0.740368 1.74929
1246 3.34733 -0.652629 0.812432
1247 3.39416 -0.605794 1.39942
1248 3.37178 -0.628174 1.57155
1249 3.18284 -0.817115 2.36654
1250 3.03337 -0.966582 1.93625
1251 2.96151 -1.03844 0.994168
1252 3.01983 -0.98012 1.21252
1253 3.1096 -0.890355 0.269904
1254 3.13244 -0.86751 0.296462
1255 3.15515 -0.844802 0.322541
1256 3.17801 -0.821947 0.29629
1257 3.20715 -0.792807 1.1778
1258 3.27213 -0.727825 1.36001
1259 3.27686 -0.723091 1.47078
1260 3.15517 -0.844785 1.35209
1261 3.07344 -0.926511 1.09427
1262 3.03745 -0.962505 0.56509
1263 3.06536 -0.934599 0.594534
1264 3.17034 -0.829613 0.62421
1265 3.2551 -0.744853 2.64918
1266 3.35305 -0.646905 0.898567
1267 3.32275 -0.677206 0.646598
1268 3.24551 -0.754449 1.22402
1269 3.24083 -0.75912 1.21055
1270 3.19157 -0.808381 1.95491
1271 3.07523 -0.924725 1.20293
1272 3.07302 -0.926931 0.396441
1273 3.0846 -0.915357 0.499722
1274 3.15827 -0.841686 0.839013
1275 3.12229 -0.87766 1.01788
1276 3.10108 -0.898879 0.55746
1277 3.05509 -0.944865 0.527002
1278 3.11254 -0.887412 2.85987
1279 3.29498 -0.704978 0.352933
1280 3.26673 -0.733221 0.622552
1281 3.17516 -0.824792 0.94165
1282 3.13104 -0.868919 0.363269
1283 3.17017 -0.829781 1.27383
1284 3.18511 -0.81484 1.03644
1285 3.19982 -0.800134 0.954614
1286 3.23245 -0.767502 0.597907
1287 3.28702 -0.712931 0.741598
1288 3.26645 -0.733505 0.583423
1289 3.21197 -0.787982 0.543696
1290 3.11655 -0.8834 1.51346
1291 3.0443 -0.955659 0.789644
1292 3.0461 -0.95385 0.288336
1293 3.05624 -0.94371 0.757797
1294 3.08208 -0.917875 0.662421
1295 3.15068 -0.849276 1.59754
1296 3.24189 -0.758066 0.347321
1297 3.19959 -0.800364 0.797234
1298 3.23645 -0.763502 2.00973
1299 3.24564 -0.754312 1.10236
1300 3.15354 -0.846416 1.04857
1301 3.18698 -0.81297 2.09038
1302 3.21797 -0.781988 1.19106
1303 3.12526 -0.874698 1.1561
1304 3.11078 -0.889173 0.276004
1305 3.15426 -0.845697 1.32592
1306 3.22367 -0.776283 0.10729
1307 3.22775 -0.772207 1.21696
1308 3.27559 -0.724363 0.489054
1309 3.28541 -0.714544 1.52031
1310 3.35402 -0.64593 1.21744
1311 3.27218 -0.727778 2.36605
1312 3.09707 -0.902881 2.04115
1313 2.98955 -1.01041 1.56313
1314 2.93704 -1.06292 1.11318
1315 2.97645 -1.02351 0.752325
1316 3.1027 -0.897259 3.36238
1317 3.23998 -0.759978 0.577418
1318 3.25582 -0.744139 0.639489
1319 3.2844 -0.715554 0.92499
1320 3.34405 -0.655906 1.00768
1321 3.1684 -0.831558 1.49073
1322 3.12466 -0.875294 0.196928
1323 3.08714 -0.912814 0.701502
1324 3.12776 -0.872198 1.20949
1325 3.14841 -0.851545 0.973476
1326 3.18665 -0.813307 2.28375
1327 3.29385 -0.7061 0.597489
1328 3.23626 -0.763694 1.51673
1329 3.22485 -0.775106 1.60948
1330 3.28093 -0.719024 0.393352
1331 3.31149 -0.688461 0.687619
1332 3.23597 -0.763982 1.52588
1333 3.09843 -0.90152 2.11595
1334 3.14298 -0.856972 1.58475
1335 3.11002 -0.889936 0.869387
1336 3.11949 -0.880462 0.767984
1337 3.10671 -0.893245 1.41107
1338 3.09938 -0.900577 1.00859
1339 3.17691 -0.823046 0.947548
1340 3.26226 -0.737698 1.24575
1341 3.31232 -0.687631 1.77709
1342 3.29526 -0.704696 2.30446
1343 3.11678 -0.88317 2.02039
1344 3.00308 -0.996874 1.62255
1345 2.97193 -1.02802 0.336775
1346 3.05332 -0.946631 1.28416
1347 3.16075 -0.839207 1.6051
1348 3.2922 -0.707759 0.813085
1349 3.27791 -0.722048 0.526196
1350 3.22743 -0.772525 0.45064
1351 3.18938 -0.810576 0.40706
1352 3.19797 -0.801982 0.492537
1353 3.16449 -0.835464 0.739754
1354 3.12046 -0.879495 0.36923
1355 3.16565 -0.834306 1.93584
1356 3.18702 -0.812931 1.36724
1357 3.09756 -0.902399 1.11035
1358 3.11838 -0.881572 1.90633
1359 3.22666 -0.773297 0.353365
1360 3.179 -0.820953 1.21758
1361 3.1008 -0.899155 0.968745
1362 3.08612 -0.913834 0.358935
1363 3.06988 -0.930075 0.425866
1364 3.1276 -0.872354 0.624286
1365 3.2199 -0.780052 1.6515
1366 3.22888 -0.771077 0.712402
1367 3.19002 -0.80993 0.334381
1368 3.30573 -0.69422 1.96269
1369 3.39041 -0.609547 1.20285
1370 3.33129 -0.668668 1.79317
1371 3.15249 -0.847468 1.7605
1372 3.13102 -0.868938 0.499229
1373 3.13293 -0.867027 0.667149
1374 3.1181 -0.881853 1.39205
1375 3.12556 -0.874391 0.332148
1376 3.07654 -0.923416 1.0149
1377 3.08219 -0.917762 0.389391
1378 3.14026 -0.859693 2.25644
1379 3.31637 -0.683581 1.06324
1380 3.31408 -0.685877 0.603267
1381 3.27164 -0.728317 0.486372
1382 3.24155 -0.758405 0.691405
1383 3.24607 -0.753888 3.0768
1384 3.29785 -0.702107 2.46931
1385 3.13842 -0.861535 1.07276
1386 3.1407 -0.859256 0.956322
1387 3.17595 -0.824003 1.03622
1388 3.13517 -0.864786 0.267764
1389 3.14145 -0.858501 0.75881
1390 3.16289 -0.837069 1.42814
1391 3.22192 -0.778036 0.30007
1392 3.15503 -0.844926 1.88951
1393 3.09827 -0.901688 0.487359
1394 3.08206 -0.917896 0.577764
1395 3.04686 -0.953094 1.19223
1396 3.0659 -0.934056 0.741963
1397 3.10503 -0.894929 1.15317
1398 3.13326 -0.866695 0.591986
1399 3.13194 -0.868018 0.490651
1400 3.16441 -0.835544 1.63146
1401 3.25678 -0.743176 0.318859
1402 3.25659 -0.743367 0.137296
1403 3.26102 -0.738939 1.09984
1404 3.24278 -0.757173 1.31547
1405 3.13919 -0.860767 1.23453
1406 3.10304 -0.89691 0.659017
1407 3.0482 -0.951756 0.712153
1408 3.09197 -0.907987 1.59024
1409 3.15363 -0.846329 0.534414
1410 3.17928 -0.82068 1.58003
1411 3.21711 -0.782846 0.756095
1412 3.18141 -0.81854 0.825291
1413 3.261 -0.73895 0.765458
1414 3.28938 -0.710575 0.901011
1415 3.24753 -0.752426 1.59563
1416 3.12902 -0.870934 1.37019
1417 3.11476 -0.88519 0.533136
1418 3.03896 -0.960996 0.840863
1419 3.01941 -0.980543 0.508129
1420 3.11156 -0.888396 2.48901
1421 3.24902 -0.750935 1.55121
1422 3.32888 -0.671077 1.16534
1423 3.36349 -0.636466 0.626667
1424 3.31771 -0.682241 0.886213
1425 3.24235 -0.757601 0.990977
1426 3.17077 -0.829187 1.96351
1427 3.04703 -0.952929 1.60876
1428 2.9808 -1.01915 1.09582
1429 3.00739 -0.992563 0.52029
1430 3.09655 -0.903404 0.764025
1431 3.11333 -0.886625 0.760618
1432 3.19081 -0.809142 0.496261
1433 3.17449 -0.825463 0.516294
1434 3.19502 -0.804937 1.52815
1435 3.28549 -0.714465 1.62746
1436 3.30184 -0.698115 1.35959
1437 3.18149 -0.818466 1.31214
1438 3.09795 -0.902008 0.758522
1439 3.13367 -0.866287 1.19706
1440 3.21659 -0.783368 1.00409
1441 3.25343 -0.746528 0.354595
1442 3.23395 -0.766 0.730544
1443 3.24779 -0.752163 0.580609
1444 3.22927 -0.77068 0.413054
1445 3.22341 -0.776541 0.642604
1446 3.1529 -0.847051 1.06256
1447 3.07737 -0.922588 1.40836
1448 3.01512 -0.984837 0.995887
1449 3.09163 -0.908328 3.042
1450 3.25035 -0.749603 0.17944
1451 3.17944 -0.820511 1.05136
1452 3.20538 -0.794571 1.31173
1453 3.27281 -0.727149 1.77012
1454 3.37206 -0.62789 0.278006
1455 3.29548 -0.704479 1.06004
1456 3.26155 -0.738409 0.971116
1457 3.24467 -0.755281 1.30421
1458 3.08896 -0.910997 2.22449
1459 2.99134 -1.00861 1.23039
1460 3.00086 -0.999095 0.287091
1461 3.0312 -0.96875 0.403678
1462 3.09113 -0.908829 1.38898
1463 3.1788 -0.821156 0.441523
1464 3.18554 -0.81441 0.25332
1465 3.22003 -0.779923 1.11645
1466 3.34051 -0.659445 2.04621
1467 3.35021 -0.649746 1.08126
1468 3.19716 -0.802792 1.42694
1469 3.09681 -0.903143 1.60799
1470 3.06257 -0.937389 0.300202
1471 3.09125 -0.908703 1.03077
1472 3.18561 -0.814344 1.81895
1473 3.29147 -0.708487 1.42307
1474 3.3077 -0.692258 0.303619
1475 3.21092 -0.78903 1.97968
1476 3.07152 -0.928439 1.7142
1477 2.98867 -1.01129 1.25521
1478 2.95786 -1.04209 0.71224
1479 3.05784 -0.942115 2.441
1480 3.19941 -0.800546 1.49951
1481 3.2736 -0.726353 0.295144
1482 3.27985 -0.720105 0.59354
1483 3.23176 -0.768197 1.04934
1484 3.19827 -0.801686 0.300539
1485 3.17434 -0.825619 0.265182
1486 3.20069 -0.799264 0.761147
1487 3.15392 -0.846038 1.2894
1488 3.07744 -0.922516 0.996582
1489 3.04566 -0.954292 0.673167
1490 3.10326 -0.896693 0.472448
1491 3.18202 -0.817933 1.43359
1492 3.30415 -0.695801 2.80806
1493 3.41789 -0.582062 1.48778
1494 3.3605 -0.639454 2.34578
1495 3.24196 -0.757994 0.167577
1496 3.20073 -0.799224 1.22813
1497 3.06654 -0.933411 2.00525
1498 2.96915 -1.0308 1.4872
1499 2.92719 -1.07276 0.966511
1500 2.97413 -1.02583 0.842986
1501 3.03153 -0.968424 1.01789
1502 3.13897 -0.860986 0.878773
1503 3.20119 -0.798765 0.599589
1504 3.23686 -0.763095 1.6885
1505 3.31135 -0.688605 0.238857
1506 3.30991 -0.690044 1.47181
1507 3.3515 -0.648456 0.576171
1508 3.29683 -0.703124 0.878575
1509 3.24443 -0.755525 0.773224
1510 3.14798 -0.851976 1.30899
1511 3.15351 -0.846444 1.54294
1512 3.22133 -0.778628 0.402722
1513 3.22193 -0.77802 0.564386
1514 3.1848 -0.815157 0.765254
1515 3.15632 -0.843633 0.421838
1516 3.16977 -0.830183 1.24017
1517 3.20774 -0.792212 0.362577
1518 3.15711 -0.842847 1.51381
1519 3.05674 -0.94321 1.67059
1520 2.98204 -1.01791 1.15213
1521 2.95616 -1.04379 0.657429
1522 3.0228 -0.977151 1.77296
1523 3.18981 -0.810146 1.79488
1524 3.21365 -0.786304 0.669009
1525 3.25079 -0.749165 2.34896
1526 3.38381 -0.616141 1.91473
1527 3.43107 -0.568889 0.843774
1528 3.27774 -0.722211 0.951295
1529 3.21363 -0.78632 1.24848
1530 3.07427 -0.92568 1.80873
1531 3.05572 -0.944236 0.810997
1532 3.12683 -0.873121 0.861319
1533 3.16844 -0.831518 0.42201
1534 3.19384 -0.806111 0.693016
1535 3.12798 -0.871974 1.35007
1536 3.12085 -0.879108 1.11686
1537 3.22531 -0.77464 0.75121
1538 3.22333 -0.776629 0.833254
1539 3.19308 -0.80687 1.48042
1540 3.09441 -0.905548 1.23934
1541 3.10004 -0.899913 0.932746
1542 3.08927 -0.910683 0.559363
1543 3.15151 -0.848443 0.354981
1544 3.17449 -0.825469 0.353881
1545 3.19236 -0.807592 1.29206
1546 3.25356 -0.746391 0.219522
1547 3.23307 -0.766885 0.240682
1548 3.26267 -0.737287 0.875251
1549 3.2298 -0.770151 0.465091
1550 3.165 -0.834955 1.4555
1551 3.07382 -0.926139 1.19559
1552 3.06172 -0.938235 1.34698
1553 3.15936 -0.840597 0.348125
1554 3.20521 -0.794745 1.05333
1555 3.29906 -0.70089 1.57749
1556 3.31055 -0.689406 0.972265
1557 3.25237 -0.747589 0.364895
1558 3.22747 -0.772484 1.33117
1559 3.1326 -0.867353 0.8374
1560 3.07374 -0.92621 1.28987
1561 2.99003 -1.00992 1.13708
1562 3.00756 -0.992396 0.561207
1563 3.08887 -0.911088 1.61362
1564 3.20811 -0.791849 1.47442
1565 3.32599 -0.673968 1.46634
1566 3.29233 -0.707624 1.50363
1567 3.17005 -0.829907 1.34282
1568 3.08281 -0.917148 1.15458
1569 3.12632 -0.873632 1.31478
1570 3.13124 -0.868713 0.938864
1571 3.08094 -0.919011 0.72518
1572 3.05877 -0.941187 0.430058
1573 3.092 -0.907952 0.401222
1574 3.14903 -0.850921 0.814814
1575 3.21783 -0.78212 1.7917
1576 3.30352 -0.696436 0.662167
1577 3.29475 -0.705203 0.299097
1578 3.3379 -0.662057 1.90003
1579 3.42568 -0.574275 0.695474
1580 3.29436 -0.705595 1.20883
1581 3.21091 -0.789049 0.994352
1582 3.10858 -0.891376 2.18243
1583 3.09298 -0.906979 0.691425
1584 3.10303 -0.89692 0.687292
1585 3.09837 -0.901583 0.40145
1586 3.15165 -0.848301 1.28301
1587 3.22633 -0.773623 0.653128
1588 3.25106 -0.748891 0.766182
1589 3.1595 -0.840458 1.61863
1590 3.05784 -0.942112 1.30443
1591 3.00263 -0.997325 0.957757
1592 3.05295 -0.947009 2.13748
1593 3.16218 -0.837778 0.446001
1594 3.20473 -0.79522 0.406051
1595 3.22563 -0.774326 1.23826
1596 3.28667 -0.713285 0.89887
1597 3.29569 -0.704265 0.665399
1598 3.23127 -0.768683 0.702976
1599 3.18215 -0.817801 0.547504
1600 3.09888 -0.901072 1.44852
1601 3.05728 -0.942676 0.937928
1602 3.00568 -0.994275 0.457521
1603 3.12041 -0.879543 2.50505
1604 3.24439 -0.755562 0.298571
1605 3.24085 -0.759104 0.247697
1606 3.23832 -0.761635 0.410808
1607 3.17677 -0.823188 0.268506
1608 3.25017 -0.749781 1.72548
1609 3.23061 -0.769344 1.60046
1610 3.22297 -0.776989 1.82712
1611 3.22093 -0.779028 1.71926
1612 3.09712 -0.902836 1.48801
1613 3.02271 -0.977248 1.09733
1614 3.03489 -0.965066 0.46819
1615 3.08204 -0.917911 0.564513
1616 3.14718 -0.852776 1.29562
1617 3.22113 -0.778821 0.314933
1618 3.18174 -0.81821 0.779179
1619 3.19038 -0.809577 1.23465
1620 3.27171 -0.728242 0.575919
1621 3.22403 -0.775926 0.592265
1622 3.1634 -0.836558 1.17503
1623 3.15398 -0.845973 1.11831
1624 3.22885 -0.771103 0.987183
1625 3.23347 -0.766487 0.418494
1626 3.23903 -0.760921 0.986653
1627 3.27284 -0.727113 0.842448
1628 3.22444 -0.775513 0.34237
1629 3.19947 -0.800485 1.24396
1630 3.14315 -0.856802 0.437304
1631 3.11829 -0.881668 1.26117
1632 3.04617 -0.953789 1.4036
1633 2.9922 -1.00776 0.926579
1634 3.09687 -0.903083 2.16226
1635 3.15837 -0.841583 0.342609
1636 3.20363 -0.796326 0.162927
1637 3.20356 -0.796397 0.115979
