0 -1.1396 -5.13955 12.5284
1 -2.06101 -6.06096 14.657
2 -2.79934 -6.79929 15.7204
3 -3.50845 -7.50841 16.8465
4 -4.13293 -8.13289 17.8416
5 -4.46563 -8.46558 18.1915
6 -5.01255 -9.01251 19.2791
7 -5.1482 -9.14816 19.3473
8 -5.7494 -9.74936 20.5886
9 -5.9678 -9.96775 20.9886
10 -6.22597 -10.2259 21.6194
11 -5.80396 -9.80392 20.9002
12 -6.57415 -10.5741 22.4403
13 -6.16868 -10.1686 21.8692
14 -6.41784 -10.4178 22.4298
15 -6.18958 -10.1895 22.1373
16 -6.30184 -10.3018 22.4677
17 -5.91056 -9.91051 21.9326
18 -6.2198 -10.2198 22.5081
19 -5.92743 -9.92738 22.1067
20 -5.66246 -9.66241 21.6999
21 -5.71208 -9.71204 21.8464
22 -5.22073 -9.22069 21.0626
23 -4.82531 -8.82526 20.3733
24 -4.64322 -8.64318 20.0256
25 -4.59135 -8.5913 19.8837
26 -4.36411 -8.36407 19.4443
27 -4.25142 -8.25138 19.1846
28 -3.78373 -7.78368 18.2492
29 -3.42958 -7.42954 17.4673
30 -3.3555 -7.35545 17.2096
31 -2.94055 -6.9405 16.2619
32 -2.79869 -6.79864 15.8864
33 -2.49951 -6.49947 15.1292
34 -2.33877 -6.33873 14.722
35 -2.03984 -6.0398 13.9848
36 -1.8468 -5.84675 13.5374
37 -1.57039 -5.57034 12.9083
38 -1.38041 -5.38037 12.5261
39 -1.1961 -5.19605 12.1359
40 -0.925888 -4.92584 11.5622
41 -0.705773 -4.70573 11.1719
42 -0.466155 -4.46611 10.7313
43 -0.273837 -4.27379 10.5601
44 -0.0485337 -4.04849 10.3085
45 0.173815 -3.82614 10.1775
46 0.407156 -3.5928 10.1033
47 0.612828 -3.38713 10.1179
48 0.828632 -3.17132 10.1403
49 1.03993 -2.96002 10.2155
50 1.26205 -2.7379 10.3611
51 1.51586 -2.4841 10.5173
52 1.75962 -2.24034 10.7074
53 1.93128 -2.06868 11.0566
54 2.09836 -1.9016 11.4744
55 2.42011 -1.57984 11.6588
56 2.59119 -1.40876 12.1006
57 2.72883 -1.27113 12.6833
58 3.02604 -0.973918 13.0181
59 3.01053 -0.989428 14.0459
60 3.55398 -0.445972 14.047
61 3.70207 -0.297887 14.6902
62 3.9415 -0.0584545 15.1787
63 4.25166 0.251704 15.4872
64 4.35102 0.351069 16.2107
65 4.51749 0.517532 16.8709
66 4.62243 0.622472 17.7155
67 5.18962 1.18966 17.6706
68 5.15838 1.15843 18.596
69 5.4262 1.42624 19.0381
70 5.4316 1.43165 19.7999
71 5.85947 1.85952 20.0064
72 6.24172 2.24177 20.0963
73 6.59601 2.59606 20.0486
74 6.47025 2.4703 20.7495
75 6.54512 2.54517 21.2268
76 6.90425 2.90429 21.0856
77 7.11699 3.11703 21.2832
78 7.00801 3.00805 21.8166
79 7.70573 3.70578 21.212
80 8.06748 4.06753 20.7322
81 7.6026 3.60264 21.3587
82 7.93715 3.9372 21.2187
83 8.52813 4.52818 20.243
84 8.21477 4.21482 20.4863
85 8.6162 4.61624 19.6617
86 8.20911 4.20915 20.0079
87 8.73968 4.73973 19.079
88 8.87488 4.87493 18.3216
89 8.6443 4.64434 18.0473
90 8.54713 4.54717 17.6604
91 8.4554 4.45545 17.2452
92 8.59507 4.59512 16.3687
93 8.57156 4.57161 15.7141
94 7.77 3.77005 16.0245
95 8.26677 4.26682 14.7906
96 7.76606 3.76611 14.5762
97 7.58774 3.58779 14.0825
98 7.54964 3.54968 13.4507
99 7.27939 3.27944 12.9924
100 7.06042 3.06047 12.4852
101 6.85492 2.85497 11.9786
102 6.43699 2.43704 11.6395
103 5.93264 1.93268 11.3672
104 5.39602 1.39606 11.0897
105 5.36587 1.36591 10.8919
106 4.94499 0.945032 10.6581
107 4.51776 0.517805 10.4654
108 4.05272 0.0527609 10.3043
109 3.58136 -0.418594 10.09
110 3.35561 -0.644347 10.2539
111 2.85111 -1.14885 10.2542
112 2.33294 -1.66701 10.0352
113 1.92525 -2.0747 10.1212
114 1.50703 -2.49292 10.1443
115 1.11973 -2.88022 10.1985
116 0.759102 -3.24085 10.2385
117 0.425503 -3.57445 10.5857
118 0.0909566 -3.909 10.8401
119 -0.277924 -4.27788 11.3568
120 -0.599009 -4.59896 11.5447
121 -0.889565 -4.88952 11.8494
122 -1.14335 -5.1433 12.0489
123 -1.33269 -5.33264 11.9614
124 -1.48821 -5.48817 12.0816
125 -1.70636 -5.70631 12.5807
126 -1.99829 -5.99825 13.2335
127 -1.84001 -5.83997 12.0962
128 -2.06792 -6.06787 12.7996
129 -2.35726 -6.35722 13.6562
130 -2.27046 -6.27042 13.0335
131 -2.44965 -6.4496 13.5688
132 -2.51837 -6.51832 13.6622
133 -2.56891 -6.56886 13.6924
134 -2.57951 -6.57946 13.7075
135 -2.51363 -6.51359 13.3786
136 -2.56988 -6.56983 13.5679
137 -2.45269 -6.45264 13.1768
138 -2.57825 -6.5782 13.5842
139 -2.54931 -6.54926 13.4855
140 -2.33732 -6.33728 12.7908
141 -2.25605 -6.25601 12.5854
142 -2.14379 -6.14374 12.2284
143 -2.10035 -6.1003 12.1702
144 -1.99617 -5.99613 11.8771
145 -1.82941 -5.82937 11.3684
146 -1.74571 -5.74567 11.2404
147 -1.50179 -5.50174 10.5407
148 -1.50974 -5.5097 10.7979
149 -1.33452 -5.33448 10.359
150 -1.15552 -5.15548 9.93107
151 -0.995576 -4.99553 9.61338
152 -0.797663 -4.79762 9.23396
153 -0.625721 -4.62568 9.04113
154 -0.538316 -4.53827 9.13287
155 -0.367 -4.36695 8.89531
156 -0.207975 -4.20793 8.7845
157 -0.067921 -4.06788 8.76952
158 0.112874 -3.88708 8.60283
159 0.287117 -3.71284 8.61135
160 0.446994 -3.55296 8.51564
161 0.646478 -3.35348 8.53707
162 0.787066 -3.21289 8.48538
163 0.998902 -3.00105 8.47106
164 1.19285 -2.80711 8.56394
165 1.13877 -2.86118 9.04048
166 1.64117 -2.35879 8.8049
167 1.86677 -2.13318 8.98939
168 2.03904 -1.96091 9.11233
169 2.23774 -1.76222 9.35857
170 2.49369 -1.50627 9.50471
171 2.66167 -1.33828 9.753
172 2.85868 -1.14128 9.89646
173 2.92091 -1.07905 10.4689
174 3.24478 -0.755176 10.3891
175 3.40088 -0.599074 10.5932
176 3.42941 -0.57054 11.0905
177 3.7345 -0.265451 11.0457
178 3.71097 -0.288982 11.6075
179 3.88808 -0.111874 11.8923
180 4.16051 0.160552 11.9581
181 4.40357 0.403617 11.9625
182 4.33608 0.336121 12.567
183 4.6134 0.613448 12.5766
184 4.78116 0.781202 12.7168
185 4.82952 0.829561 12.9893
186 4.94051 0.940555 13.2024
187 5.26052 1.26057 12.973
188 5.24763 1.24767 13.2771
189 5.46408 1.46412 13.0769
190 5.39706 1.3971 13.4508
191 5.64246 1.64251 13.0683
192 5.69509 1.69514 12.9912
193 5.58868 1.58873 13.2474
194 5.67909 1.67913 13.1221
195 5.41334 1.41338 13.8484
196 5.85329 1.85333 12.9181
197 5.85631 1.85635 12.8837
198 5.9627 1.96274 12.4956
199 5.88945 1.8895 12.3084
200 5.94265 1.9427 11.9748
201 5.7985 1.79854 11.9171
202 5.58422 1.58427 12.1481
203 5.89419 1.89424 11.1571
204 5.49832 1.49836 11.4776
205 5.70848 1.70852 10.6413
206 5.44784 1.44789 10.7446
207 5.45908 1.45913 10.1937
208 5.44673 1.44677 9.61883
209 5.17885 1.17889 9.66194
210 4.92329 0.923338 9.4608
211 4.81606 0.816106 9.16457
212 4.79007 0.790116 8.77253
213 4.59011 0.590156 8.54582
214 4.30193 0.301974 8.666
215 4.32089 0.320935 8.20562
216 4.11824 0.118286 8.05891
217 3.99104 -0.00891041 7.87331
218 3.68383 -0.316128 7.83986
219 3.47672 -0.523232 7.7762
220 3.29879 -0.701162 7.77449
221 3.03249 -0.967463 7.77782
222 2.7326 -1.26736 7.72651
223 2.59091 -1.40904 7.76
224 2.49469 -1.50527 7.92862
225 2.25534 -1.74462 7.98772
226 2.00785 -1.9921 8.06409
227 1.82435 -2.1756 8.11029
228 1.6092 -2.39076 8.21547
229 1.43589 -2.56406 8.23311
230 1.27973 -2.72023 8.64113
231 1.07004 -2.92992 8.45055
232 0.907731 -3.09222 8.69869
233 0.756971 -3.24298 8.56585
234 0.609311 -3.39064 9.13511
235 0.424316 -3.57564 9.28977
236 0.264544 -3.73541 9.227
237 0.136213 -3.86374 9.26404
238 0.0240336 -3.97592 9.39574
239 -0.0587221 -4.05868 9.13579
240 -0.120477 -4.12043 9.20049
241 -0.204875 -4.20483 9.5207
242 -0.286134 -4.28609 9.57089
243 -0.328254 -4.32821 9.30499
244 -0.425318 -4.42527 9.84825
245 -0.507518 -4.50747 9.89909
246 -0.543964 -4.54392 9.6858
247 -0.545084 -4.54504 9.32654
248 -0.541985 -4.54194 9.22292
249 -0.542407 -4.54236 9.19536
250 -0.560075 -4.56003 9.28762
251 -0.530256 -4.53021 8.90625
252 -0.476288 -4.47624 8.5758
253 -0.447509 -4.44746 8.55715
254 -0.474578 -4.47453 8.90806
255 -0.439183 -4.43914 8.67646
256 -0.371474 -4.37143 8.09856
257 -0.31902 -4.31898 8.02093
258 -0.262519 -4.26247 7.79327
259 -0.159123 -4.15908 7.16564
260 -0.0922037 -4.09216 7.56959
261 -0.0600136 -4.05997 7.64569
262 0.0145647 -3.98539 7.04407
263 0.104693 -3.89526 6.69507
264 0.187019 -3.81294 6.8116
265 0.272784 -3.72717 6.48937
266 0.363773 -3.63618 6.38341
267 0.456798 -3.54316 6.37947
268 0.545478 -3.45448 6.14299
269 0.630052 -3.3699 6.14292
270 0.720598 -3.27936 5.94161
271 0.810803 -3.18915 5.78897
272 0.914273 -3.08568 5.83525
273 1.00993 -2.99003 5.84711
274 1.1104 -2.88956 5.87013
275 1.19117 -2.80878 5.85218
276 1.18027 -2.81968 5.5852
277 1.39524 -2.60472 5.68701
278 1.54538 -2.45458 5.74451
279 1.62993 -2.37003 5.76877
280 1.71875 -2.2812 5.84477
281 1.85556 -2.14439 5.9064
282 1.92044 -2.07951 5.99916
283 2.114 -1.88595 6.06392
284 2.14349 -1.85647 6.14118
285 2.2919 -1.70805 6.24794
286 2.34606 -1.6539 6.34903
287 2.45983 -1.54012 6.44363
288 2.50597 -1.49398 6.63789
289 2.72593 -1.27403 6.60298
290 2.68506 -1.3149 7.01884
291 2.89534 -1.10461 6.97051
292 2.86008 -1.13987 7.40334
293 3.16002 -0.839934 7.17694
294 3.23427 -0.765687 7.25281
295 3.1599 -0.84005 7.68059
296 3.27788 -0.722072 7.85765
297 3.52415 -0.475807 7.61918
298 3.41135 -0.588603 8.23531
299 3.54736 -0.452595 8.26459
300 3.72775 -0.272204 8.15857
301 3.86389 -0.13606 8.00251
302 3.90585 -0.0941076 8.0305
303 3.94678 -0.0531744 7.96573
304 3.88671 -0.113243 8.1539
305 3.90507 -0.0948854 8.18966
306 4.08665 0.0866988 7.9475
307 3.93476 -0.0651988 8.28214
308 4.07653 0.0765725 8.07308
309 4.0143 0.0143427 8.24234
310 4.15753 0.157573 8.00889
311 4.16532 0.165361 7.93747
312 4.07214 0.0721808 8.09524
313 4.28033 0.280375 7.63639
314 4.24296 0.243006 7.48432
315 4.16167 0.161715 7.47553
316 3.95999 -0.0399639 7.56708
317 4.17456 0.174608 7.14101
318 3.8309 -0.169058 7.48027
319 4.12665 0.126696 6.97727
320 3.8218 -0.178158 7.20309
321 4.04111 0.0411579 6.78924
322 3.87528 -0.12467 6.72042
323 3.82247 -0.177484 6.59419
324 3.76928 -0.230673 6.43878
325 3.59849 -0.401461 6.36046
326 3.49926 -0.500694 6.27826
327 3.40191 -0.598043 6.19807
328 3.29071 -0.709244 6.14599
329 3.21278 -0.787178 6.15203
330 3.15162 -0.848336 6.16151
331 2.88278 -1.11718 6.08051
332 2.92927 -1.07068 6.15956
333 2.80514 -1.19482 6.19284
334 2.63809 -1.36186 6.15846
335 2.47988 -1.52008 6.25767
336 2.36458 -1.63538 6.22565
337 2.21276 -1.7872 6.24185
338 2.11935 -1.8806 6.26801
339 2.02119 -1.97876 6.25753
340 2.02007 -1.97989 6.48138
341 1.90777 -2.09218 6.62259
342 1.7899 -2.21005 6.66047
343 1.67334 -2.32662 6.83248
344 1.5332 -2.46675 6.88221
345 1.41139 -2.58857 6.75457
346 1.36945 -2.63051 7.13782
347 1.24516 -2.7548 7.24771
348 1.13301 -2.86694 7.11434
349 1.06153 -2.93843 7.30386
350 0.960897 -3.03906 7.2847
351 0.890107 -3.10985 7.11565
352 0.880575 -3.11938 7.25447
353 0.830575 -3.16938 7.56059
354 0.765168 -3.23479 7.07522
355 0.767259 -3.2327 7.42528
356 0.715445 -3.28451 7.35044
357 0.693872 -3.30608 7.10754
358 0.713163 -3.28679 7.40045
359 0.669545 -3.33041 7.07316
360 0.715314 -3.28464 7.19613
361 0.703399 -3.29656 7.16783
362 0.709472 -3.29048 7.23958
363 0.693579 -3.30638 7.36598
364 0.666216 -3.33374 7.05392
365 0.682607 -3.31735 7.23967
366 0.6723 -3.32765 7.07798
367 0.675489 -3.32447 7.022
368 0.693921 -3.30603 6.96387
369 0.700512 -3.29944 6.90715
370 0.721493 -3.27846 6.74547
371 0.753024 -3.24693 6.72694
372 0.760744 -3.23921 6.51722
373 0.81015 -3.1898 6.59421
374 0.830698 -3.16926 6.46176
375 0.860106 -3.13985 6.36706
376 0.896791 -3.10316 6.21241
377 0.952665 -3.04729 6.09872
378 0.988896 -3.01106 6.08736
379 1.01814 -2.98182 6.05091
380 1.03188 -2.96807 5.9067
381 1.0667 -2.93325 5.7665
382 1.09672 -2.90324 5.58226
383 1.16515 -2.8348 5.49972
384 1.25326 -2.74669 5.48612
385 1.30527 -2.69469 5.418
386 1.34542 -2.65453 5.31565
387 1.42251 -2.57744 5.30074
388 1.50625 -2.49371 5.31179
389 1.53949 -2.46047 5.27518
390 1.56747 -2.43249 5.24455
391 1.61982 -2.38014 5.23347
392 1.61143 -2.38852 5.21593
393 1.68842 -2.31153 5.24279
394 1.79946 -2.20049 5.25689
395 1.83594 -2.16401 5.29573
396 1.92984 -2.07012 5.29637
397 1.94581 -2.05414 5.38877
398 2.04413 -1.95583 5.41179
399 2.18082 -1.81913 5.37173
400 2.18383 -1.81612 5.43367
401 2.23861 -1.76134 5.47811
402 2.2938 -1.70615 5.52364
403 2.36448 -1.63547 5.52163
404 2.38872 -1.61124 5.61368
405 2.4408 -1.55915 5.66682
406 2.47929 -1.52067 5.72654
407 2.517 -1.48295 5.85176
408 2.65237 -1.34759 5.75666
409 2.65903 -1.34093 5.7828
410 2.68483 -1.31513 5.81307
411 2.6994 -1.30055 5.88889
412 2.74123 -1.25873 5.91794
413 2.78 -1.21996 5.94504
414 2.76178 -1.23818 6.08089
415 2.82282 -1.17713 6.13523
416 2.83076 -1.1692 6.32025
417 3.06381 -0.93614 6.06574
418 3.08786 -0.912097 6.00922
419 3.03807 -0.961883 6.07548
420 3.07519 -0.924764 6.02794
421 3.13241 -0.867549 5.95729
422 3.12956 -0.870396 5.90707
423 3.06439 -0.935568 5.97528
424 2.96754 -1.03242 6.11768
425 3.08835 -0.911606 6.06389
426 3.10393 -0.896021 6.06721
427 3.20439 -0.795568 5.91804
428 3.21605 -0.783908 5.81263
429 3.21878 -0.781174 5.74532
430 3.2098 -0.790152 5.67189
431 3.13262 -0.867338 5.66071
432 3.10958 -0.890378 5.63331
433 3.18106 -0.818891 5.52987
434 3.08569 -0.91426 5.46842
435 3.06231 -0.937642 5.41381
436 3.08108 -0.918876 5.3733
437 2.93783 -1.06213 5.29683
438 3.00901 -0.990942 5.26002
439 2.94464 -1.05532 5.19704
440 2.83355 -1.1664 5.06618
441 2.70598 -1.29397 5.00418
442 2.74824 -1.25171 5.00064
443 2.78992 -1.21003 4.97392
444 2.73809 -1.26187 4.91369
445 2.6206 -1.37935 4.82882
446 2.58142 -1.41853 4.74964
447 2.71191 -1.28805 4.81992
448 2.62917 -1.37079 4.77764
449 2.54395 -1.45601 4.74462
450 2.37319 -1.62676 4.56229
451 2.39576 -1.60419 4.60492
452 2.29022 -1.70973 4.50157
453 2.30196 -1.698 4.54258
454 2.26749 -1.73247 4.6232
455 2.11127 -1.88869 4.4085
456 2.10573 -1.89423 4.4871
457 2.04353 -1.95643 4.40917
458 2.03192 -1.96803 4.58069
459 1.94098 -2.05898 4.58913
460 1.81466 -2.18529 4.35833
461 1.80279 -2.19716 4.45526
462 1.71628 -2.28367 4.31458
463 1.69522 -2.30474 4.27516
464 1.69758 -2.30237 4.42441
465 1.63338 -2.36657 4.42082
466 1.59706 -2.4029 4.45026
467 1.55979 -2.44017 4.62357
468 1.44702 -2.55294 4.28806
469 1.47811 -2.52185 4.65688
470 1.36636 -2.6336 4.15431
471 1.42686 -2.5731 4.49621
472 1.3765 -2.62345 4.39385
473 1.37875 -2.62121 4.55181
474 1.31725 -2.68271 4.34844
475 1.33456 -2.6654 4.50886
476 1.31597 -2.68399 4.69298
477 1.23589 -2.76406 4.324
478 1.28742 -2.71253 4.58433
479 1.25923 -2.74072 4.70424
480 1.18989 -2.81007 4.243
481 1.2263 -2.77366 4.2227
482 1.29343 -2.70653 4.47231
483 1.28454 -2.71541 4.4663
484 1.27062 -2.72934 4.443
485 1.26942 -2.73054 4.32214
486 1.28152 -2.71843 4.2826
487 1.32216 -2.67779 4.30031
488 1.35447 -2.64549 4.47415
489 1.34676 -2.65319 4.50249
490 1.30092 -2.69903 4.24009
491 1.35704 -2.64291 4.33522
492 1.36694 -2.63301 4.3076
493 1.35228 -2.64767 4.10826
494 1.41762 -2.58234 4.14082
495 1.45536 -2.54459 4.1326
496 1.49865 -2.5013 4.16176
497 1.55578 -2.44417 4.20347
498 1.57602 -2.42394 4.21036
499 1.59824 -2.40172 4.22921
500 1.58998 -2.40997 4.19371
501 1.59427 -2.40569 4.0845
502 1.61469 -2.38527 4.07367
503 1.65898 -2.34098 4.13944
504 1.64022 -2.35973 4.02093
505 1.67264 -2.32731 4.01469
506 1.70089 -2.29906 4.00102
507 1.74865 -2.25131 4.05316
508 1.7037 -2.29625 3.93709
509 1.7416 -2.25835 3.95951
510 1.86491 -2.13504 3.97168
511 1.90143 -2.09852 3.98547
512 1.86867 -2.13128 3.95173
513 1.92285 -2.07711 3.96469
514 1.91604 -2.08392 4.01677
515 1.98919 -2.01077 3.99777
516 2.02681 -1.97315 4.02304
517 1.99888 -2.00108 4.14507
518 2.17636 -1.82359 4.09588
519 2.20919 -1.79076 4.06641
520 2.24455 -1.7554 4.1272
521 2.30207 -1.69788 4.10523
522 2.30262 -1.69734 4.09914
523 2.22169 -1.77827 4.18616
524 1.88645 -2.1135 5.59125
525 2.5548 -1.44516 4.38701
526 2.5159 -1.48405 4.52244
527 2.54549 -1.45447 4.57436
528 2.68536 -1.31459 4.46127
529 2.61244 -1.38752 4.58953
530 2.70365 -1.2963 4.48454
531 2.68872 -1.31124 4.45709
532 2.67205 -1.3279 4.43911
533 2.61173 -1.38823 4.48305
534 2.60541 -1.39455 4.49741
535 2.54194 -1.45801 4.64554
536 2.61383 -1.38612 4.59086
537 2.68428 -1.31568 4.56723
538 2.68435 -1.3156 4.55736
539 2.5911 -1.40885 4.64548
540 2.75133 -1.24862 4.52621
541 2.69148 -1.30848 4.57464
542 2.71275 -1.2872 4.47719
543 2.57166 -1.42829 4.55077
544 2.64695 -1.35301 4.49263
545 2.65767 -1.34229 4.45313
546 2.48513 -1.51483 4.51561
547 2.59853 -1.40142 4.45225
548 2.52473 -1.47523 4.47624
549 2.57934 -1.42061 4.45148
550 2.55535 -1.44461 4.44043
551 2.53906 -1.4609 4.43606
552 2.5258 -1.47416 4.46862
553 2.3704 -1.62955 4.3801
554 2.44619 -1.55377 4.41684
555 2.36537 -1.63459 4.37664
556 2.3598 -1.64015 4.37665
557 2.43172 -1.56823 4.52575
558 2.33601 -1.66395 4.44186
559 2.30614 -1.69381 4.52436
560 2.27948 -1.72047 4.59161
561 2.20595 -1.79401 4.53807
562 2.06985 -1.9301 4.31358
563 2.17605 -1.8239 4.63934
564 2.0851 -1.91486 4.54484
565 2.06802 -1.93193 4.68897
566 1.93099 -2.06897 4.45463
567 1.97399 -2.02597 4.59221
568 1.89956 -2.1004 4.47263
569 1.89607 -2.10388 4.48357
570 1.94071 -2.05925 4.66446
571 1.8723 -2.12765 4.73011
572 1.75623 -2.24373 4.54086
573 1.79695 -2.20301 4.75509
574 1.73394 -2.26602 4.7682
575 1.63347 -2.36648 4.41456
576 1.66464 -2.33531 4.57854
577 1.6603 -2.33965 4.70818
578 1.63199 -2.36796 4.78368
579 1.5824 -2.41756 4.74835
580 1.53506 -2.4649 4.75302
581 1.46901 -2.53095 4.55035
582 1.47438 -2.52557 4.64903
583 1.46135 -2.5386 4.78905
584 1.41617 -2.58378 4.80761
585 1.34627 -2.65369 4.53224
586 1.37586 -2.6241 4.64638
587 1.34234 -2.65761 4.41143
588 1.3778 -2.62215 4.48465
589 1.41032 -2.58964 4.71998
590 1.37344 -2.62651 4.51533
591 1.37667 -2.62329 4.70535
592 1.30834 -2.69162 4.36696
593 1.36966 -2.6303 4.42696
594 1.40076 -2.5992 4.64593
595 1.34684 -2.65312 4.26503
596 1.41693 -2.58302 4.52034
597 1.42051 -2.57944 4.5806
598 1.40252 -2.59744 4.58782
599 1.33671 -2.66325 4.27727
600 1.43981 -2.56014 4.48491
601 1.40489 -2.59506 4.32908
602 1.43986 -2.5601 4.31735
603 1.50075 -2.4992 4.41006
604 1.48208 -2.51787 4.30448
605 1.58478 -2.41518 4.49073
606 1.53459 -2.46536 4.34012
607 1.57776 -2.42219 4.34976
608 1.66574 -2.33422 4.49909
609 1.61989 -2.38006 4.44154
610 1.67259 -2.32737 4.46037
611 1.69907 -2.30089 4.51412
612 1.71957 -2.28039 4.54361
613 1.73833 -2.26162 4.57003
614 1.7334 -2.26655 4.57068
615 1.7667 -2.23326 4.63376
616 1.84128 -2.15867 4.67657
617 1.8472 -2.15276 4.73116
618 1.89958 -2.10037 4.73757
619 1.91334 -2.08661 4.74048
620 1.88669 -2.11326 4.76998
621 1.98692 -2.01303 4.85408
622 2.03687 -1.96309 4.86547
623 1.95808 -2.04187 4.94522
624 2.09374 -1.90622 4.91706
625 2.02215 -1.9778 4.96726
626 2.10848 -1.89147 4.97876
627 2.13214 -1.86781 5.00086
628 2.1499 -1.85005 5.01578
629 2.16514 -1.83482 5.02863
630 2.2045 -1.79546 5.04127
631 2.2228 -1.77716 5.0221
632 2.14116 -1.8588 5.06724
633 2.21344 -1.78652 5.05912
634 2.14803 -1.85193 5.15171
635 2.34681 -1.65315 5.09674
636 2.30288 -1.69708 5.10478
637 2.34719 -1.65276 5.08225
638 2.29897 -1.70099 5.083
639 2.34284 -1.65711 5.06644
640 2.20624 -1.79372 5.1215
641 2.29196 -1.708 5.11895
642 2.37885 -1.62111 5.10496
643 2.38512 -1.61484 5.09592
644 2.33883 -1.66113 5.1099
645 2.34777 -1.65218 5.17197
646 2.45497 -1.54499 5.10351
647 2.48953 -1.51043 5.08532
648 2.45939 -1.54057 5.05818
649 2.42694 -1.57302 5.03431
650 2.28274 -1.71721 5.01388
651 2.43422 -1.56574 5.02814
652 2.3981 -1.60185 5.01063
653 2.28178 -1.71818 4.95918
654 2.3771 -1.62286 4.99074
655 2.33616 -1.66379 4.97088
656 2.22097 -1.77899 4.8926
657 2.31519 -1.68477 4.94778
658 2.27319 -1.72677 4.93384
659 2.22909 -1.77086 4.91812
660 2.15877 -1.84118 4.86338
661 2.13873 -1.86123 4.84919
662 2.07949 -1.92046 4.80672
663 2.05472 -1.94523 4.79774
664 2.15886 -1.8411 4.84021
665 2.07906 -1.9209 4.7945
666 2.09238 -1.90758 4.7857
667 2.14216 -1.85779 4.80299
668 2.23303 -1.76693 4.88793
669 2.15156 -1.8484 4.8522
670 2.11062 -1.88933 4.85239
671 2.09728 -1.90267 4.80436
672 2.10653 -1.89343 4.83411
673 2.06246 -1.9375 4.85641
674 2.06314 -1.93681 4.84293
675 2.00262 -1.99733 4.77388
676 2.02557 -1.97439 4.82099
677 2.00087 -1.99909 4.80734
678 1.91483 -2.08512 4.73617
679 2.11974 -1.88021 4.97653
680 2.00473 -1.99522 4.82003
681 2.0061 -1.99386 4.81541
682 2.0394 -1.96055 4.87647
683 1.96566 -2.0343 4.75536
684 2.05134 -1.94861 4.88409
685 2.04836 -1.95159 4.96648
686 1.93662 -2.06333 4.7961
687 1.98963 -2.01032 4.94504
688 1.95978 -2.04017 4.95054
689 1.90522 -2.09473 4.98079
690 1.8532 -2.14675 4.98695
691 1.80206 -2.19789 4.99584
692 1.70618 -2.29377 4.78978
693 1.74174 -2.25821 4.88217
694 1.68951 -2.31045 4.7688
695 1.72548 -2.27448 4.85668
696 1.70559 -2.29436 4.84664
697 1.67533 -2.32462 4.8313
698 1.68617 -2.31379 4.94614
699 1.64352 -2.35644 4.95395
700 1.60227 -2.39768 4.96098
701 1.53212 -2.46784 4.70327
702 1.55476 -2.44519 4.7877
703 1.55594 -2.44402 4.77651
704 1.54909 -2.45087 4.76854
705 1.52778 -2.47217 4.73878
706 1.48475 -2.5152 4.52245
707 1.57718 -2.42278 4.5507
708 1.6023 -2.39765 4.67103
709 1.59254 -2.40742 4.74127
710 1.55067 -2.44929 4.59912
711 1.52411 -2.47584 4.48064
712 1.57458 -2.42538 4.55377
713 1.53632 -2.46363 4.39301
714 1.61368 -2.38627 4.49783
715 1.63006 -2.36989 4.58527
716 1.59314 -2.40681 4.46287
717 1.61553 -2.38442 4.49738
718 1.59914 -2.40081 4.53398
719 1.56855 -2.43141 4.48448
720 1.55792 -2.44204 4.44393
721 1.58123 -2.41872 4.48703
722 1.55637 -2.44358 4.36016
723 1.57212 -2.42784 4.35843
724 1.56211 -2.43785 4.30904
725 1.58957 -2.41038 4.39077
726 1.5631 -2.43686 4.26363
727 1.56959 -2.43037 4.18488
728 1.62674 -2.37322 4.29744
729 1.60649 -2.39347 4.1723
730 1.62855 -2.37141 4.16911
731 1.64362 -2.35633 4.18915
732 1.60739 -2.39257 4.09181
733 1.68056 -2.3194 4.04793
734 1.74117 -2.25878 4.09867
735 1.69822 -2.30173 4.0565
736 1.80283 -2.19713 4.07389
737 1.87669 -2.12326 4.11011
738 1.93859 -2.06137 4.12286
739 1.88523 -2.11473 4.1176
740 2.00092 -1.99903 4.13515
741 2.00929 -1.99066 4.12626
742 2.05469 -1.94526 4.13877
743 2.04271 -1.95724 4.11792
744 1.98897 -2.01099 4.1315
745 2.03754 -1.96241 4.15665
746 2.12151 -1.87844 4.13064
747 2.143 -1.85695 4.13598
748 2.14164 -1.85832 4.1204
749 2.10548 -1.89447 4.13099
750 2.16246 -1.8375 4.11996
751 2.08095 -1.91901 4.15186
752 2.12049 -1.87947 4.17694
753 2.15907 -1.84089 4.20442
754 2.1546 -1.84536 4.30605
755 2.29655 -1.7034 4.23544
756 2.35451 -1.64545 4.18944
757 2.33996 -1.66 4.1676
758 2.27629 -1.72366 4.18392
759 2.30235 -1.69761 4.17912
760 2.26551 -1.73445 4.23107
761 2.29708 -1.70287 4.24617
762 2.37239 -1.62757 4.20035
763 2.40927 -1.59068 4.15171
764 2.34988 -1.65007 4.15472
765 2.36253 -1.63742 4.11756
766 2.37216 -1.62779 4.09779
767 2.34468 -1.65528 4.07651
768 2.29587 -1.70408 4.06031
769 2.29002 -1.70994 4.03813
770 2.21573 -1.78422 4.04343
771 2.24339 -1.75656 4.04684
772 2.30247 -1.69748 4.02268
773 2.24569 -1.75427 4.02496
774 2.32448 -1.67547 4.01603
775 2.24225 -1.75771 3.993
776 2.33385 -1.6661 4.00487
777 2.27235 -1.7276 3.97383
778 2.28052 -1.71944 3.97423
779 2.23974 -1.76021 3.95948
780 2.19764 -1.80231 3.94403
781 2.08823 -1.91173 3.84435
782 2.16762 -1.83233 3.9308
783 2.05723 -1.94273 3.81914
784 2.13482 -1.86513 3.92202
785 2.06368 -1.93627 3.84633
786 2.0123 -1.98766 3.79289
787 2.07737 -1.92259 3.9102
788 2.03305 -1.96691 3.91303
789 1.92415 -2.07581 3.75001
790 1.96894 -2.03102 3.80518
791 1.92806 -2.07189 3.73277
792 1.94713 -2.05282 3.72839
793 1.92634 -2.07362 3.68584
794 1.96609 -2.03387 3.70742
795 2.00062 -1.99934 3.76949
796 2.00079 -1.99916 3.7936
797 1.99291 -2.00705 3.88467
798 1.92953 -2.07042 3.8331
799 1.90577 -2.09418 3.85377
800 1.86358 -2.13638 3.80378
801 1.82447 -2.17549 3.7053
802 1.78943 -2.21053 3.60945
803 1.90337 -2.09659 3.91325
804 1.83883 -2.16113 3.8065
805 1.82063 -2.17933 3.8103
806 1.82376 -2.1762 3.94376
807 1.78155 -2.2184 3.96988
808 1.74034 -2.25962 3.99349
809 1.69921 -2.30075 4.00956
810 1.61887 -2.38109 3.75533
811 1.66155 -2.33841 3.8729
812 1.59084 -2.40911 3.56322
813 1.69985 -2.3001 3.83175
814 1.69054 -2.30942 3.83161
815 1.68083 -2.31913 3.829
816 1.65469 -2.34527 3.74901
817 1.69481 -2.30514 3.953
818 1.66159 -2.33836 3.96163
819 1.63062 -2.36934 3.97542
820 1.56855 -2.4314 3.69229
821 1.58257 -2.41739 3.66549
822 1.64839 -2.35157 3.91733
823 1.60728 -2.39267 3.77246
824 1.60632 -2.39363 3.76131
825 1.60472 -2.39524 3.74297
826 1.60096 -2.39899 3.60689
827 1.61352 -2.38643 3.61114
828 1.66409 -2.33587 3.80547
829 1.62751 -2.37244 3.6673
830 1.62999 -2.36997 3.65176
831 1.64956 -2.35039 3.77814
832 1.55751 -2.44244 3.36691
833 1.68162 -2.31833 3.58353
834 1.67361 -2.32634 3.51522
835 1.64804 -2.35192 3.33949
836 1.7832 -2.21675 3.50178
837 1.78966 -2.21029 3.56952
838 1.78809 -2.21186 3.52871
839 1.80513 -2.19482 3.60706
840 1.73917 -2.26079 3.39785
841 1.80503 -2.19492 3.47126
842 1.83438 -2.16557 3.55904
843 1.76811 -2.23185 3.36561
844 1.80316 -2.19679 3.3547
845 1.87285 -2.12711 3.42801
846 1.90484 -2.09511 3.50461
847 1.88829 -2.11166 3.49498
848 1.85686 -2.1431 3.40549
849 1.80059 -2.19937 3.24243
850 1.9392 -2.06076 3.46326
851 1.92337 -2.07659 3.4526
852 1.88903 -2.11093 3.35244
853 1.86823 -2.13172 3.27076
854 1.91631 -2.08364 3.31687
855 1.93957 -2.06039 3.31045
856 1.97331 -2.02665 3.40453
857 1.95792 -2.04203 3.40172
858 1.94042 -2.05953 3.33918
859 1.93716 -2.06279 3.38895
860 1.92105 -2.07891 3.38225
861 1.87509 -2.12487 3.24465
862 1.83907 -2.16089 3.18805
863 1.98732 -2.01264 3.35672
864 1.90783 -2.09212 3.19036
865 2.00332 -1.99664 3.34699
866 1.94535 -2.05461 3.22562
867 1.98289 -2.01706 3.27033
868 2.01225 -1.98771 3.34495
869 1.95933 -2.04063 3.26191
870 1.93913 -2.06082 3.2077
871 1.96996 -2.02999 3.22828
872 2.04708 -1.95288 3.31564
873 2.03409 -1.96587 3.289
874 2.03844 -1.96152 3.29241
875 2.04113 -1.95883 3.29524
876 2.05091 -1.94904 3.29879
877 2.07886 -1.9211 3.34963
878 2.05635 -1.9436 3.37058
879 2.01464 -1.98531 3.34063
880 1.96789 -2.03206 3.25677
881 1.99169 -2.00827 3.27865
882 2.05829 -1.94166 3.33898
883 2.08449 -1.91546 3.40323
884 1.99462 -2.00533 3.29027
885 2.05836 -1.9416 3.35454
886 1.99818 -2.00178 3.31744
887 2.12125 -1.87871 3.431
888 2.09496 -1.90499 3.42898
889 2.0459 -1.95406 3.39407
890 2.02609 -1.97387 3.37385
891 2.02311 -1.97684 3.37509
892 1.98784 -2.01211 3.34499
893 1.99477 -2.00518 3.34392
894 2.05372 -1.94624 3.39747
895 2.01491 -1.98504 3.35813
896 2.08705 -1.91291 3.41019
897 2.07447 -1.92549 3.44591
898 2.04164 -1.95831 3.44026
899 1.97853 -2.02142 3.38891
900 1.97096 -2.02899 3.37501
901 1.96509 -2.03486 3.37545
902 1.96248 -2.03748 3.36756
903 1.94454 -2.05541 3.3657
904 1.93346 -2.06649 3.39854
905 1.91923 -2.08073 3.36156
906 1.92017 -2.07979 3.37884
907 1.91271 -2.08724 3.423
908 1.86716 -2.1328 3.39625
909 1.85149 -2.14847 3.36967
910 1.85094 -2.14901 3.44285
911 1.76487 -2.23509 3.27032
912 1.83549 -2.16446 3.4324
913 1.75053 -2.24942 3.25662
914 1.76999 -2.22996 3.25428
915 1.82283 -2.17712 3.33341
916 1.7959 -2.20405 3.29018
917 1.78579 -2.21416 3.25222
918 1.85885 -2.14111 3.3983
919 1.81275 -2.1872 3.30243
920 1.79048 -2.20948 3.29807
921 1.7668 -2.23315 3.23513
922 1.83456 -2.16539 3.33412
923 1.78563 -2.21433 3.24252
924 1.83638 -2.16358 3.36873
925 1.80476 -2.19519 3.36587
926 1.7159 -2.28405 3.17558
927 1.8051 -2.19486 3.36498
928 1.72706 -2.27289 3.20299
929 1.75662 -2.24334 3.24011
930 1.77944 -2.22051 3.2784
931 1.77625 -2.22371 3.27555
932 1.74177 -2.25818 3.19775
933 1.766 -2.23396 3.20172
934 1.8157 -2.18426 3.24455
935 1.79881 -2.20115 3.20393
936 1.80828 -2.19167 3.21971
937 1.88171 -2.11824 3.27839
938 1.89457 -2.10539 3.30508
939 1.87065 -2.12931 3.29278
940 1.86083 -2.13912 3.2832
941 1.82914 -2.17082 3.22938
942 1.85045 -2.14951 3.246
943 1.89319 -2.10676 3.25618
944 1.89261 -2.10735 3.2677
945 1.93511 -2.06484 3.30918
946 1.93558 -2.06438 3.32003
947 1.93679 -2.06317 3.36186
948 1.89527 -2.10468 3.30354
949 1.88934 -2.11062 3.33253
950 1.84029 -2.15966 3.27236
951 1.89541 -2.10454 3.32226
952 1.86024 -2.13972 3.29057
953 1.93267 -2.06728 3.37615
954 1.89002 -2.10993 3.35426
955 1.82018 -2.17977 3.26045
956 1.87705 -2.1229 3.31342
957 1.92029 -2.07966 3.34399
958 1.93751 -2.06244 3.38596
959 1.84276 -2.15719 3.29553
960 1.95047 -2.04948 3.37904
961 1.91682 -2.08314 3.38568
962 1.85356 -2.14639 3.34423
963 1.86979 -2.13016 3.34453
964 1.88393 -2.11602 3.39192
965 1.82461 -2.17534 3.34461
966 1.84828 -2.15168 3.3956
967 1.81715 -2.18281 3.39404
968 1.78859 -2.21136 3.40214
969 1.71563 -2.28433 3.29279
970 1.7784 -2.22155 3.40549
971 1.74991 -2.25005 3.4084
972 1.67525 -2.3247 3.27426
973 1.72966 -2.27029 3.33215
974 1.72696 -2.27299 3.32819
975 1.72518 -2.27477 3.29478
976 1.68709 -2.31286 3.23329
977 1.74593 -2.25402 3.29827
978 1.80651 -2.19344 3.37926
979 1.75205 -2.2479 3.29119
980 1.76935 -2.23061 3.2923
981 1.74418 -2.25578 3.25222
982 1.82269 -2.17727 3.31315
983 1.83431 -2.16564 3.36249
984 1.78977 -2.21019 3.30233
985 1.75736 -2.24259 3.24664
986 1.80011 -2.19984 3.25892
987 1.86256 -2.13739 3.34432
988 1.8333 -2.16665 3.32196
989 1.81939 -2.18056 3.31903
990 1.76476 -2.2352 3.22207
991 1.7696 -2.23035 3.2203
992 1.86388 -2.13608 3.23837
993 1.88624 -2.11372 3.27304
994 1.87238 -2.12758 3.27598
995 1.86634 -2.13361 3.24664
996 1.91709 -2.08287 3.28144
997 1.95093 -2.04903 3.26442
998 1.93308 -2.06687 3.2684
999 1.9498 -2.05016 3.27376
1000 1.87562 -2.12433 3.22542
1001 1.93778 -2.06217 3.2451
1002 1.901 -2.09895 3.23136
1003 1.98734 -2.01261 3.26474
1004 1.94816 -2.0518 3.26248
1005 1.92585 -2.0741 3.22111
1006 1.88277 -2.11718 3.20875
1007 1.94203 -2.05793 3.24724
1008 2.00034 -1.99962 3.24583
1009 1.94406 -2.05589 3.22175
1010 1.99241 -2.00755 3.25139
1011 1.92525 -2.0747 3.16506
1012 1.97243 -2.02753 3.2424
1013 1.9218 -2.07816 3.19113
1014 1.89089 -2.10906 3.16334
1015 1.96101 -2.03894 3.23369
1016 1.88459 -2.11537 3.15346
1017 1.93499 -2.06497 3.19345
1018 1.94024 -2.05971 3.20385
1019 1.86134 -2.13861 3.09184
1020 1.87336 -2.1266 3.10823
1021 1.92921 -2.07074 3.14481
1022 1.89263 -2.10732 3.10075
1023 1.94727 -2.05269 3.13579
1024 1.94236 -2.05759 3.1313
1025 1.93871 -2.06125 3.14138
1026 1.9459 -2.05406 3.18021
1027 1.89277 -2.10719 3.11787
1028 1.90315 -2.0968 3.16699
1029 1.87285 -2.1271 3.16504
1030 1.77937 -2.22058 3.01567
1031 1.85389 -2.14606 3.07808
1032 1.83223 -2.16773 3.02593
1033 1.82132 -2.17864 3.00039
1034 1.84875 -2.1512 3.01048
1035 1.83109 -2.16886 2.97784
1036 1.90446 -2.09549 3.02003
1037 1.9753 -2.02465 3.08358
1038 1.87861 -2.12134 2.98021
1039 1.97547 -2.02449 3.09776
1040 1.92254 -2.07742 3.02261
1041 1.91338 -2.08657 3.01193
1042 1.87203 -2.12792 2.94365
1043 1.88973 -2.11022 2.94391
1044 1.92319 -2.07676 2.96658
1045 1.94255 -2.0574 2.96529
1046 1.94085 -2.0591 2.94399
1047 1.99044 -2.00952 3.06917
1048 1.93709 -2.06287 3.00103
1049 1.88103 -2.11893 2.91349
1050 1.9332 -2.06675 2.96987
1051 1.89852 -2.10143 2.944
1052 1.92617 -2.07378 2.94048
1053 1.90524 -2.09471 2.93477
1054 1.95709 -2.04286 3.05043
1055 1.85426 -2.1457 2.84955
1056 1.94688 -2.05308 3.0566
1057 1.89626 -2.10369 3.00583
1058 1.79605 -2.2039 2.82623
1059 1.89208 -2.10787 2.92738
1060 1.90232 -2.09764 2.95481
1061 1.84626 -2.1537 2.84633
1062 1.92253 -2.07742 2.96196
1063 1.87574 -2.12421 2.88438
1064 1.92481 -2.07515 2.95722
1065 1.91616 -2.0838 2.96717
1066 1.92606 -2.0739 3.08311
1067 1.83254 -2.16742 2.8824
1068 1.87125 -2.12871 2.9332
1069 1.84935 -2.1506 2.89008
1070 1.89847 -2.10148 2.98174
1071 1.88375 -2.1162 2.97825
1072 1.84827 -2.15169 2.89981
1073 1.83957 -2.16039 2.86817
1074 1.89221 -2.10774 2.92266
1075 1.93057 -2.06938 2.98437
1076 1.93163 -2.06832 3.02137
1077 1.90353 -2.09642 3.01697
1078 1.8952 -2.10476 3.01495
1079 1.8969 -2.10306 3.12967
1080 1.80587 -2.19409 2.93996
1081 1.81241 -2.18755 2.93167
1082 1.87177 -2.12818 3.0438
1083 1.84713 -2.15282 2.99929
1084 1.82804 -2.17192 2.96787
1085 1.86576 -2.1342 3.00983
1086 1.88042 -2.11953 3.06318
1087 1.88418 -2.11577 3.15752
1088 1.84518 -2.15478 3.16862
1089 1.77397 -2.22598 3.03038
1090 1.77969 -2.22026 3.08323
1091 1.80035 -2.19961 3.15637
1092 1.72561 -2.27435 3.00663
1093 1.75696 -2.24299 3.05795
1094 1.74333 -2.25662 3.0195
1095 1.74673 -2.25322 2.98952
1096 1.76637 -2.23359 2.98939
1097 1.87498 -2.12497 3.21326
1098 1.81115 -2.1888 3.13394
1099 1.82546 -2.1745 3.2403
1100 1.72255 -2.27741 3.00958
1101 1.78609 -2.21387 3.09748
1102 1.79529 -2.20466 3.12068
1103 1.81861 -2.18134 3.27045
1104 1.76346 -2.23649 3.15579
1105 1.75569 -2.24426 3.16236
1106 1.77546 -2.2245 3.30289
1107 1.73258 -2.26738 3.32071
1108 1.65961 -2.34034 3.10129
1109 1.6689 -2.33106 3.08883
1110 1.71729 -2.28267 3.19152
1111 1.73064 -2.26931 3.3312
1112 1.68127 -2.31869 3.21087
1113 1.64954 -2.35041 3.10658
1114 1.66859 -2.33136 3.1026
1115 1.68696 -2.31299 3.07953
1116 1.76806 -2.23189 3.30991
1117 1.70429 -2.29567 3.14926
1118 1.74659 -2.25336 3.24721
1119 1.68865 -2.31131 3.09889
1120 1.73162 -2.26834 3.18752
1121 1.70899 -2.29096 3.09814
1122 1.73761 -2.26235 3.10917
1123 1.79274 -2.20721 3.20082
1124 1.78866 -2.2113 3.20064
1125 1.75651 -2.24345 3.12444
1126 1.83234 -2.16761 3.3064
1127 1.79859 -2.20136 3.29316
1128 1.7834 -2.21655 3.3273
1129 1.75826 -2.24169 3.34415
1130 1.70269 -2.29727 3.23241
1131 1.7247 -2.27526 3.32337
1132 1.68324 -2.31671 3.19536
1133 1.71758 -2.28237 3.25114
1134 1.71891 -2.28104 3.25704
1135 1.71678 -2.28317 3.17351
1136 1.75964 -2.24032 3.29956
1137 1.74497 -2.25498 3.35055
1138 1.70182 -2.29814 3.23953
1139 1.65973 -2.34023 3.07834
1140 1.72538 -2.27458 3.10632
1141 1.79874 -2.20122 3.17473
1142 1.8286 -2.17136 3.19141
1143 1.88879 -2.11116 3.26099
1144 1.83288 -2.16708 3.17985
1145 1.92732 -2.07263 3.31751
1146 1.91663 -2.08333 3.28518
1147 1.92367 -2.07629 3.29032
1148 1.88589 -2.11406 3.21092
1149 1.95467 -2.04528 3.292
1150 1.97777 -2.02219 3.36568
1151 1.89277 -2.10718 3.23733
1152 1.97936 -2.02059 3.37264
1153 1.92866 -2.07129 3.29508
1154 1.89344 -2.10651 3.24633
1155 1.97777 -2.02219 3.34303
1156 1.90581 -2.09414 3.28245
1157 1.95479 -2.04517 3.31639
1158 1.94453 -2.05543 3.31568
1159 1.91941 -2.08054 3.2748
1160 1.92567 -2.07428 3.27619
1161 1.94813 -2.05182 3.28604
1162 1.97042 -2.02953 3.29641
1163 1.9693 -2.03066 3.29612
1164 2.06236 -1.93759 3.36329
1165 2.02424 -1.97571 3.36053
1166 2.0935 -1.90645 3.44252
1167 2.03675 -1.9632 3.37143
1168 2.02418 -1.97577 3.366
1169 1.97979 -2.02016 3.31743
1170 2.02774 -1.97221 3.36556
1171 1.98991 -2.01005 3.32133
1172 2.07024 -1.92972 3.449
1173 2.00646 -1.9935 3.40712
1174 1.95505 -2.0449 3.28574
1175 2.03874 -1.96121 3.45073
1176 1.92946 -2.07049 3.28849
1177 1.99677 -2.00318 3.27164
1178 2.01318 -1.98677 3.40258
1179 1.9835 -2.01645 3.35759
1180 1.9653 -2.03466 3.28946
1181 1.97205 -2.0279 3.34085
1182 1.9318 -2.06816 3.30443
1183 1.97921 -2.02075 3.4361
1184 1.93761 -2.06234 3.44168
1185 1.86417 -2.13578 3.33772
1186 1.87916 -2.12079 3.44769
1187 1.8479 -2.15206 3.38417
1188 1.80752 -2.19244 3.47333
1189 1.74696 -2.25299 3.34624
1190 1.70219 -2.29776 3.22394
1191 1.75068 -2.24927 3.31996
1192 1.70138 -2.29857 3.21055
1193 1.72545 -2.27451 3.21327
1194 1.72249 -2.27747 3.19171
1195 1.76761 -2.23234 3.33424
1196 1.7512 -2.24876 3.41119
1197 1.72489 -2.27507 3.17101
1198 1.75233 -2.24762 3.44862
1199 1.68733 -2.31262 3.21118
1200 1.67236 -2.32759 3.16517
1201 1.73305 -2.2669 3.43532
1202 1.62637 -2.37358 3.10071
1203 1.71454 -2.28541 3.28207
1204 1.65641 -2.34354 3.1108
1205 1.74865 -2.25131 3.41382
1206 1.71202 -2.28794 3.42134
1207 1.6791 -2.32085 3.21494
1208 1.66328 -2.33668 3.29624
1209 1.64657 -2.35339 3.27907
1210 1.61062 -2.38933 3.13504
1211 1.67276 -2.32719 3.39826
1212 1.59846 -2.40149 3.1259
1213 1.64533 -2.35462 3.24736
1214 1.65695 -2.34301 3.38685
1215 1.6011 -2.39886 3.24551
1216 1.62459 -2.37537 3.29031
1217 1.6087 -2.39126 3.38761
1218 1.5452 -2.45475 3.03628
1219 1.59552 -2.40443 3.14134
1220 1.61027 -2.38968 3.20521
1221 1.6081 -2.39185 3.19854
1222 1.59863 -2.40132 3.08051
1223 1.62024 -2.37971 3.24836
1224 1.61466 -2.3853 3.17418
1225 1.63088 -2.36908 3.30008
1226 1.60297 -2.39698 3.18935
1227 1.59702 -2.40294 3.12067
1228 1.60483 -2.39512 3.27848
1229 1.54338 -2.45657 3.02018
1230 1.60001 -2.39994 3.13114
1231 1.57676 -2.42319 3.00168
1232 1.63421 -2.36574 3.10738
1233 1.59659 -2.40336 2.95306
1234 1.65253 -2.34743 2.98417
1235 1.67803 -2.32192 2.93687
1236 1.76413 -2.23582 3.1339
1237 1.75274 -2.24722 3.12518
1238 1.7126 -2.28735 2.96879
1239 1.74463 -2.25532 2.96781
1240 1.75527 -2.24469 2.89551
1241 1.85114 -2.14882 2.98548
1242 1.91753 -2.08242 3.12739
1243 1.87806 -2.1219 3.04351
1244 1.88077 -2.11918 3.09531
1245 1.9106 -2.08936 3.13087
1246 1.89049 -2.10946 3.0574
1247 1.81895 -2.181 2.99129
1248 1.85201 -2.14795 3.00657
1249 1.8966 -2.10336 3.03674
1250 1.89491 -2.10505 3.0428
1251 1.91932 -2.08064 3.1184
1252 1.86226 -2.13769 2.98138
1253 1.91953 -2.08043 3.11062
1254 1.89843 -2.10152 3.1106
1255 1.87728 -2.12267 3.11578
1256 1.45071 -2.54924 4.07525
1257 2.14157 -1.85839 3.09317
1258 2.07728 -1.92267 3.01339
1259 2.06329 -1.93666 2.99177
1260 2.11574 -1.88421 3.07979
1261 2.0623 -1.93765 3.00641
1262 1.71157 -2.28838 3.79835
1263 2.21484 -1.78511 3.09547
1264 2.33881 -1.66115 3.11499
1265 2.31064 -1.68931 3.05555
1266 2.26334 -1.73662 3.06857
1267 2.09479 -1.90517 3.24946
1268 2.27376 -1.7262 3.08429
1269 2.37644 -1.62351 3.12311
1270 2.2448 -1.75515 3.04672
1271 2.33448 -1.66548 3.09891
1272 2.23921 -1.76074 3.02046
1273 2.21035 -1.78961 3.00545
1274 2.2868 -1.71315 3.03875
1275 2.26385 -1.7361 3.04908
1276 2.19561 -1.80435 2.97968
1277 2.17098 -1.82897 2.95567
1278 2.21845 -1.7815 3.0009
1279 2.13267 -1.86729 2.92591
1280 2.171 -1.82895 2.9557
1281 2.16757 -1.83238 2.93315
1282 2.22203 -1.77793 3.02732
1283 2.19827 -1.80168 3.05374
1284 2.13877 -1.86119 3.05532
1285 2.05839 -1.94156 2.97331
1286 1.95332 -2.04664 2.85105
1287 2.02854 -1.97141 2.95066
1288 2.00998 -1.98997 2.96951
1289 1.95174 -2.04821 2.88669
1290 1.96406 -2.0359 2.97478
1291 1.89302 -2.10694 2.86799
1292 1.88655 -2.11341 2.86899
1293 1.89647 -2.10348 2.94986
1294 1.90558 -2.09437 3.0977
1295 1.82673 -2.17322 3.01074
1296 1.74887 -2.25109 2.82579
1297 1.79621 -2.20375 3.00294
1298 1.76546 -2.23449 2.9781
1299 1.68524 -2.31472 2.79196
1300 1.76571 -2.23424 3.13443
1301 1.66085 -2.33911 2.88397
1302 1.69916 -2.30079 3.15296
1303 1.60379 -2.39617 2.85639
1304 1.64377 -2.35619 3.17248
1305 1.5726 -2.42736 3.0508
1306 1.54703 -2.45292 3.14584
1307 1.46762 -2.53233 2.80456
1308 1.52753 -2.47242 3.05319
1309 1.51413 -2.48583 3.23749
1310 1.46142 -2.53853 3.28155
1311 1.36209 -2.63787 2.84065
1312 1.40568 -2.59428 2.92673
1313 1.42476 -2.5752 3.01147
1314 1.4419 -2.55806 3.25135
1315 1.38812 -2.61184 3.28124
1316 1.31854 -2.68142 2.9415
1317 1.33958 -2.66038 2.93859
1318 1.36748 -2.63248 3.25388
1319 1.32992 -2.67003 3.27731
1320 1.2869 -2.71306 3.12228
1321 1.25967 -2.74028 2.92167
1322 1.29577 -2.70419 3.07875
1323 1.28656 -2.71339 3.02981
1324 1.28012 -2.71983 3.02829
1325 1.29655 -2.70341 3.21066
1326 1.27024 -2.72972 3.22089
1327 1.22216 -2.77779 2.85395
1328 1.25968 -2.74028 2.87731
1329 1.28879 -2.71117 3.00507
1330 1.27749 -2.72246 2.93977
1331 1.28274 -2.71721 2.90548
1332 1.2539 -2.74605 2.60351
1333 1.34133 -2.65862 2.72377
1334 1.36665 -2.63331 2.77253
1335 1.38621 -2.61374 2.8121
1336 1.40491 -2.59505 2.85841
1337 1.38223 -2.61772 2.71694
1338 1.40863 -2.59132 2.69983
1339 1.40221 -2.59774 2.51137
1340 1.47729 -2.52267 2.62606
1341 1.47265 -2.5273 2.50684
1342 1.55409 -2.44587 2.69131
1343 1.55069 -2.44927 2.6895
1344 1.54603 -2.45393 2.67666
1345 1.48677 -2.51319 2.36627
1346 1.59119 -2.40876 2.50526
1347 1.63137 -2.36859 2.59938
1348 1.58536 -2.4146 2.40779
1349 1.6532 -2.34676 2.45088
1350 1.65931 -2.34064 2.39774
1351 1.67408 -2.32587 2.40913
1352 1.76283 -2.23712 2.39501
1353 1.83025 -2.16971 2.45846
1354 1.92829 -2.07167 2.47886
1355 1.90621 -2.09375 2.46799
1356 1.89405 -2.1059 2.49946
1357 1.95451 -2.04545 2.46049
1358 1.99857 -2.00138 2.46469
1359 1.9526 -2.04736 2.50543
1360 1.96182 -2.03813 2.49989
1361 2.07166 -1.9283 2.47677
1362 2.02552 -1.97444 2.47056
1363 2.06061 -1.93934 2.43515
1364 2.09087 -1.90908 2.4596
1365 2.08036 -1.9196 2.44484
1366 2.05329 -1.94667 2.38513
1367 2.04686 -1.95309 2.41905
1368 2.06464 -1.93532 2.38466
1369 2.02024 -1.97971 2.44617
1370 2.09726 -1.90269 2.42642
1371 2.07835 -1.9216 2.46269
1372 2.16512 -1.83484 2.43691
1373 2.11964 -1.88032 2.41175
1374 2.12889 -1.87107 2.42329
1375 2.13404 -1.86591 2.41904
1376 2.04592 -1.95403 2.60696
1377 2.22206 -1.7779 2.4274
1378 2.15151 -1.84845 2.36757
1379 2.12513 -1.87483 2.53576
1380 2.25117 -1.74878 2.41531
1381 2.17007 -1.82989 2.36438
1382 2.20671 -1.79324 2.3823
1383 2.16002 -1.83993 2.40462
1384 2.23882 -1.76113 2.33641
1385 2.23558 -1.76437 2.36002
1386 2.2041 -1.79585 2.34059
1387 2.16803 -1.83192 2.3187
1388 2.09503 -1.90493 2.2556
1389 2.08088 -1.91908 2.20348
1390 2.03943 -1.96052 2.21938
1391 2.13104 -1.86891 2.25198
1392 2.07643 -1.92353 2.2173
1393 2.07889 -1.92107 2.20967
1394 2.17568 -1.82427 2.29191
1395 2.13209 -1.86787 2.2822
1396 2.0719 -1.92806 2.225
1397 1.99712 -2.00283 2.12751
1398 2.01604 -1.98391 2.12678
1399 2.043 -1.95695 2.18114
1400 2.02211 -1.97784 2.17282
1401 2.00218 -1.99777 2.17126
1402 1.94683 -2.05313 2.07614
1403 2.00236 -1.99759 2.24837
1404 1.91784 -2.08212 2.07424
1405 1.97908 -2.02087 2.31638
1406 1.93109 -2.06886 2.34868
1407 1.86013 -2.13983 2.20966
1408 1.8066 -2.19336 2.07861
1409 1.84282 -2.15713 2.2195
1410 1.78707 -2.21289 2.07384
1411 1.82524 -2.17471 2.23095
1412 1.76905 -2.2309 2.07672
1413 1.78995 -2.21 2.16232
1414 1.81558 -2.18437 2.42425
1415 1.76633 -2.23363 2.46529
1416 1.71716 -2.28279 2.50217
1417 1.64362 -2.35634 2.31648
1418 1.63655 -2.36341 2.3521
1419 1.6034 -2.39656 2.29355
1420 1.62197 -2.37799 2.59517
1421 1.56302 -2.43694 2.40277
1422 1.53816 -2.4618 2.43492
1423 1.5284 -2.47156 2.4213
1424 1.52812 -2.47183 2.66942
1425 1.47882 -2.52114 2.36531
1426 1.46342 -2.53654 2.40468
1427 1.44809 -2.55187 2.24643
1428 1.47459 -2.52536 2.42181
1429 1.47303 -2.52692 2.28892
1430 1.48377 -2.51618 2.43036
1431 1.46341 -2.53655 2.41043
1432 1.47963 -2.52032 2.65705
1433 1.44206 -2.55789 2.37421
1434 1.4555 -2.54445 2.60503
1435 1.42627 -2.57368 2.69345
1436 1.3812 -2.61875 2.55344
1437 1.34261 -2.65734 2.07158
1438 1.43496 -2.565 2.41327
1439 1.41496 -2.585 2.19766
1440 1.40704 -2.59291 1.96093
1441 1.51797 -2.48198 2.14073
1442 1.55872 -2.44123 2.29681
1443 1.56175 -2.43821 2.33188
1444 1.5543 -2.44566 2.31855
1445 1.5071 -2.49286 1.99878
1446 1.59251 -2.40744 2.22484
1447 1.57054 -2.42942 2.06842
1448 1.62522 -2.37473 2.11543
1449 1.63937 -2.36058 2.17416
1450 1.62977 -2.37019 2.05613
1451 1.64422 -2.35573 1.99865
1452 1.71497 -2.28498 2.05742
1453 1.7997 -2.20025 2.22551
1454 1.78809 -2.21187 2.28365
1455 1.76724 -2.23272 2.21036
1456 1.73255 -2.26741 2.11449
1457 1.76746 -2.2325 2.16185
1458 1.77038 -2.22957 2.11125
1459 1.81316 -2.18679 2.28237
1460 1.76518 -2.23478 2.1541
1461 1.77586 -2.22409 2.14103
1462 1.81546 -2.18449 2.21553
1463 1.81573 -2.18422 2.2995
1464 1.79782 -2.20214 2.31049
1465 1.76662 -2.23333 2.23527
1466 1.77523 -2.22472 2.24181
1467 1.77488 -2.22507 2.31196
1468 1.71109 -2.28886 2.09654
1469 1.77654 -2.22342 2.19858
1470 1.77976 -2.22019 2.19439
1471 1.80471 -2.19525 2.31484
1472 1.73721 -2.26275 2.10794
1473 1.82069 -2.17926 2.31386
1474 1.79995 -2.2 2.24374
1475 1.79851 -2.20144 2.31989
1476 1.77581 -2.22414 2.24523
1477 1.74692 -2.25303 2.18221
1478 1.73749 -2.26246 2.10354
1479 1.82142 -2.17853 2.31542
1480 1.75144 -2.24851 2.10751
1481 1.77242 -2.22754 2.09226
1482 1.8284 -2.17155 2.12514
1483 1.86037 -2.13959 2.13369
1484 1.95129 -2.04866 2.29097
1485 1.90913 -2.09083 2.25374
1486 1.87786 -2.1221 2.17423
1487 1.8908 -2.10916 2.1632
1488 1.95541 -2.04455 2.22233
1489 1.93789 -2.06207 2.21624
1490 1.99835 -2.0016 2.32799
1491 1.91411 -2.08584 2.1828
1492 1.97769 -2.02227 2.24085
1493 1.94569 -2.05426 2.19385
1494 2.01343 -1.98652 2.25493
1495 2.03238 -1.96757 2.3375
1496 1.98428 -2.01568 2.30038
1497 1.96454 -2.03541 2.29343
1498 1.96078 -2.03917 2.26351
1499 1.95883 -2.04112 2.26961
1500 1.97562 -2.02434 2.37287
1501 1.88735 -2.11261 2.18317
1502 1.9677 -2.03225 2.37594
1503 1.86824 -2.13172 2.14162
1504 1.97555 -2.02441 2.37597
1505 1.94494 -2.05502 2.38477
1506 1.80556 -2.19439 2.15226
1507 1.91102 -2.08894 2.18082
1508 2.00899 -1.99096 2.34971
1509 2.00668 -1.99327 2.38678
1510 1.91372 -2.08624 2.19135
1511 1.9308 -2.06915 2.19742
1512 1.94586 -2.0541 2.20185
1513 2.01519 -1.98476 2.38474
1514 1.97197 -2.02799 2.30955
1515 1.96711 -2.03284 2.31348
1516 1.9274 -2.07256 2.28987
1517 1.89212 -2.10783 2.26322
1518 1.90769 -2.09226 2.29464
1519 1.8961 -2.10386 2.30343
1520 1.90002 -2.09994 2.43298
1521 1.84028 -2.15967 2.30843
1522 1.82446 -2.17549 2.31244
1523 1.81015 -2.1898 2.42529
1524 1.78342 -2.21654 2.34043
1525 1.78173 -2.21823 2.49842
1526 1.68899 -2.31097 2.25593
1527 1.68089 -2.31906 2.16258
1528 1.76252 -2.23743 2.35204
1529 1.71967 -2.28028 2.21024
1530 1.7821 -2.21786 2.40816
1531 1.70403 -2.29593 2.20416
1532 1.56829 -2.43166 2.51012
1533 1.87541 -2.12454 2.15338
1534 1.95862 -2.04134 2.28693
1535 1.96562 -2.03433 2.42459
1536 1.90402 -2.09593 2.29193
1537 1.90033 -2.09962 2.33128
1538 1.8616 -2.13835 2.31439
1539 1.84396 -2.156 2.32139
1540 1.75694 -2.24301 2.13045
1541 1.84976 -2.15019 2.20904
1542 1.87349 -2.12646 2.4313
1543 1.84961 -2.15034 2.4822
1544 1.80612 -2.19383 2.50345
1545 1.7105 -2.28946 2.12887
1546 1.77052 -2.22943 2.46246
1547 1.73931 -2.26064 2.36957
1548 1.72006 -2.2799 2.36829
1549 1.65834 -2.34162 2.19986
1550 1.69649 -2.30347 2.23007
1551 1.73718 -2.26277 2.3737
1552 1.63708 -2.36288 2.05085
1553 1.76288 -2.23707 2.23833
1554 1.81707 -2.18288 2.49354
1555 1.74383 -2.25613 2.44933
1556 1.69597 -2.30398 2.24806
1557 1.73484 -2.26511 2.37427
1558 1.70427 -2.29569 2.34797
1559 1.70042 -2.29954 2.2744
1560 1.69641 -2.30355 2.25901
1561 1.75452 -2.24544 2.54042
1562 1.69526 -2.30469 2.30455
1563 1.70723 -2.29273 2.55468
1564 1.66649 -2.33347 2.58526
1565 1.58921 -2.41075 2.30217
1566 1.59244 -2.40752 2.27992
1567 1.61148 -2.38848 2.24279
1568 1.66503 -2.33492 2.56631
1569 1.6257 -2.37426 2.59084
1570 1.5743 -2.42565 2.45237
1571 1.55694 -2.44301 2.33093
1572 1.54295 -2.45701 2.199
1573 1.59519 -2.40476 2.52188
1574 1.57842 -2.42154 2.44812
1575 1.06717 -2.93278 4.60832
1576 1.91578 -2.08418 2.26925
1577 2.03744 -1.96252 2.45064
1578 1.91808 -2.08187 2.27006
1579 1.98043 -2.01952 2.30321
1580 2.05698 -1.94297 2.47034
1581 1.99205 -2.00791 2.36908
1582 1.98126 -2.0187 2.32977
1583 1.95904 -2.04092 2.37028
1584 1.97828 -2.02167 2.4821
1585 1.91207 -2.08788 2.30226
1586 1.88233 -2.11763 2.26757
1587 1.92374 -2.07622 2.38632
1588 1.8707 -2.12925 2.28901
1589 1.91429 -2.08566 2.39922
1590 1.89588 -2.10407 2.40766
1591 1.82006 -2.17989 2.23928
1592 1.87292 -2.12704 2.30595
1593 1.88023 -2.11973 2.31045
1594 1.93753 -2.06242 2.43591
1595 1.8844 -2.11555 2.34813
1596 1.84769 -2.15226 2.31418
1597 1.88844 -2.11151 2.42375
1598 1.86624 -2.13372 2.43134
1599 1.85097 -2.14899 2.4583
1600 1.74375 -2.2562 2.29199
1601 1.82014 -2.17982 2.34557
1602 1.85614 -2.14381 2.45196
1603 1.83971 -2.16025 2.54912
1604 1.80589 -2.19407 2.56617
1605 1.769 -2.23095 2.49816
1606 1.70937 -2.29058 2.3973
1607 1.75462 -2.24534 2.51084
1608 1.70458 -2.29537 2.38322
1609 1.75624 -2.24371 2.6416
1610 1.68046 -2.31949 2.43109
1611 1.70562 -2.29434 2.65734
1612 1.62331 -2.37664 2.50131
1613 1.58726 -2.41269 2.36073
1614 1.61521 -2.38475 2.37505
1615 1.6808 -2.31916 2.52573
1616 1.68719 -2.31277 2.58174
1617 1.63419 -2.36576 2.51578
1618 1.6303 -2.36966 2.44356
1619 1.60224 -2.39772 2.37464
1620 1.65245 -2.34751 2.42536
1621 1.70692 -2.29303 2.58313
1622 1.64564 -2.35431 2.52635
1623 1.63581 -2.36415 2.39466
1624 1.6698 -2.33015 2.67773
1625 1.63259 -2.36737 2.644
1626 1.57154 -2.42842 2.61706
1627 1.53478 -2.46517 2.43271
1628 1.56249 -2.43746 2.55891
1629 1.56039 -2.43957 2.67068
1630 1.55191 -2.44804 2.75135
1631 1.50114 -2.49881 2.60505
1632 1.46841 -2.53155 2.45514
1633 1.50798 -2.49197 2.58503
1634 1.51297 -2.48698 2.75654
1635 1.47879 -2.52117 2.77514
1636 1.40419 -2.59576 2.3262
1637 1.48463 -2.51533 2.58338
1638 1.44259 -2.55736 2.38217
1639 1.47551 -2.52445 2.36255
1640 1.51677 -2.48318 2.35457
1641 1.59238 -2.40758 2.65534
1642 1.47001 -2.52994 2.1849
1643 1.66033 -2.33962 2.58871
1644 1.6317 -2.36825 2.59771
1645 1.56665 -2.4333 2.41506
1646 1.61869 -2.38126 2.601
1647 1.55304 -2.44691 2.33257
1648 1.61241 -2.38755 2.55145
1649 1.58829 -2.41166 2.44901
1650 1.56209 -2.43786 2.31669
1651 1.5938 -2.40615 2.28043
1652 1.61754 -2.38241 2.28902
1653 1.6909 -2.30905 2.50985
1654 1.62589 -2.37407 2.28809
1655 1.6507 -2.34925 2.34397
1656 1.6614 -2.33856 2.2791
1657 1.68279 -2.31716 2.26637
1658 1.73956 -2.26039 2.32763
1659 1.73071 -2.26924 2.27985
1660 1.75829 -2.24166 2.28321
1661 1.78569 -2.21427 2.28907
1662 1.83023 -2.16973 2.33317
1663 1.86748 -2.13247 2.36406
1664 1.87848 -2.12148 2.42616
1665 1.8264 -2.17355 2.30826
1666 1.86451 -2.13545 2.41598
1667 1.78906 -2.2109 2.2803
1668 1.83924 -2.16071 2.34563
1669 1.84667 -2.15328 2.33287
1670 1.78247 -2.21748 2.297
1671 1.91326 -2.08669 2.41548
1672 1.83016 -2.1698 2.29283
1673 1.91039 -2.08956 2.40966
1674 1.86063 -2.13933 2.31698
1675 1.87922 -2.12074 2.40349
1676 1.8219 -2.17805 2.24867
1677 1.85536 -2.14459 2.27678
1678 1.81944 -2.18051 2.26073
1679 1.89676 -2.10319 2.37797
1680 1.85241 -2.14755 2.34486
1681 1.85141 -2.14855 2.37991
1682 1.81338 -2.18658 2.35009
1683 1.80021 -2.19975 2.38449
1684 1.75551 -2.24444 2.3476
1685 1.75405 -2.2459 2.31502
1686 1.71633 -2.28362 2.27206
1687 1.68207 -2.31788 2.18932
1688 1.70353 -2.29643 2.19075
1689 1.72499 -2.27496 2.19512
1690 1.78241 -2.21754 2.30883
1691 1.76244 -2.23751 2.25032
1692 1.77683 -2.22312 2.34555
1693 1.74807 -2.25188 2.35338
1694 1.717 -2.28296 2.35168
1695 1.66203 -2.33793 2.24323
1696 1.67235 -2.3276 2.23099
1697 1.67897 -2.32099 2.34279
1698 1.65509 -2.34486 2.35933
1699 1.61253 -2.38743 2.23796
1700 1.55657 -2.44339 2.09874
1701 1.67396 -2.326 2.32954
1702 1.62672 -2.37324 2.15056
1703 1.65958 -2.34038 2.3206
1704 1.62884 -2.37112 2.241
1705 1.57869 -2.42126 2.09491
1706 1.58758 -2.41237 2.0796
1707 1.66397 -2.33599 2.13481
1708 1.66217 -2.33779 2.12019
1709 1.75702 -2.24293 2.15591
1710 1.7261 -2.27385 2.12211
1711 1.75251 -2.24744 2.13152
1712 1.81637 -2.18359 2.19271
1713 1.82191 -2.17804 2.21976
1714 1.79723 -2.20272 2.22461
1715 1.75568 -2.24427 2.18122
1716 1.76233 -2.23763 2.17866
1717 1.71735 -2.2826 2.12075
1718 1.69356 -2.3064 2.07767
1719 1.7391 -2.26086 2.0826
1720 1.78559 -2.21437 2.11096
1721 1.77135 -2.22861 2.09935
1722 1.79187 -2.20808 2.1072
1723 1.84929 -2.15066 2.17946
1724 1.80352 -2.19643 2.10342
1725 1.74708 -2.25287 2.08687
1726 1.8695 -2.13045 2.16697
1727 1.82264 -2.17731 2.09203
1728 1.77697 -2.22299 2.07278
1729 1.85711 -2.14285 2.08979
1730 1.85574 -2.14421 2.08707
1731 1.85412 -2.14583 2.08686
1732 1.79984 -2.20012 2.05359
1733 1.90318 -2.09677 2.14883
1734 1.87125 -2.12871 2.13925
1735 1.81838 -2.18157 2.07594
1736 1.79012 -2.20983 2.01716
1737 1.86574 -2.13421 2.14088
1738 1.79214 -2.20782 2.01955
1739 1.79899 -2.20096 2.00411
1740 1.87407 -2.12588 2.13251
1741 1.79184 -2.20811 1.99259
1742 1.77953 -2.22043 2.01113
1743 1.89529 -2.10467 2.07975
1744 1.88038 -2.11957 2.07815
1745 1.87841 -2.12154 2.12652
1746 1.84496 -2.155 2.1304
1747 1.75899 -2.24097 1.95719
1748 1.78935 -2.21061 1.96355
1749 1.8427 -2.15726 2.02968
1750 1.80084 -2.19911 1.95781
1751 1.79369 -2.20627 1.95586
1752 1.91342 -2.08653 2.10433
1753 1.87807 -2.12188 2.11365
1754 1.77472 -2.22523 1.92395
1755 1.80375 -2.19621 1.9314
1756 1.88203 -2.11793 2.00276
1757 1.86478 -2.13518 2.00479
1758 1.82925 -2.17071 1.93039
1759 1.87867 -2.12128 1.99446
1760 1.86566 -2.1343 1.98613
1761 1.80714 -2.19281 1.90441
1762 1.88244 -2.11752 2.0182
1763 1.88794 -2.11201 2.09932
1764 1.83387 -2.16609 2.05921
1765 1.82515 -2.17481 2.13508
1766 1.73704 -2.26292 1.90274
1767 1.8002 -2.19975 2.13652
1768 1.7418 -2.25816 1.95233
1769 1.72038 -2.27958 1.91343
1770 1.75332 -2.24664 1.99893
1771 1.68701 -2.31294 1.85375
1772 1.78826 -2.21169 2.13051
1773 1.74987 -2.25009 2.14983
1774 1.71124 -2.28872 2.16542
1775 1.67467 -2.32529 2.19298
1776 1.61178 -2.38818 2.03652
1777 1.62874 -2.37122 2.22543
1778 1.55232 -2.44763 1.90086
1779 1.59629 -2.40366 2.05084
1780 1.57023 -2.42973 1.89345
1781 1.57643 -2.42353 1.83331
1782 1.64201 -2.35794 2.163
1783 1.6013 -2.39865 2.03386
1784 1.58412 -2.41584 2.1299
1785 1.55307 -2.44689 2.01655
1786 1.53371 -2.46625 1.85578
1787 1.59395 -2.40601 2.18362
1788 1.52439 -2.47556 1.8477
1789 1.54457 -2.45538 1.82252
1790 1.59404 -2.40591 1.9664
1791 1.58925 -2.4107 1.96471
1792 1.54807 -2.45188 1.75274
1793 1.63285 -2.3671 2.09751
1794 1.57716 -2.4228 1.85877
1795 1.60295 -2.39701 1.93132
1796 1.61489 -2.38507 2.0956
1797 1.57353 -2.42643 1.9279
1798 1.58931 -2.41064 2.10823
1799 1.52435 -2.4756 1.7763
1800 1.57759 -2.42237 1.91533
1801 1.56251 -2.43744 1.76649
1802 1.61675 -2.3832 1.94732
1803 1.60378 -2.39618 2.04621
1804 1.56823 -2.43172 1.98605
1805 1.57289 -2.42706 2.06236
1806 1.52759 -2.47237 1.88698
1807 1.54945 -2.45051 2.00774
1808 1.52189 -2.47806 1.86967
1809 1.51461 -2.48534 1.71499
1810 1.58685 -2.41311 2.00416
1811 1.55644 -2.44352 1.77155
1812 1.58232 -2.41764 1.9791
1813 1.55344 -2.44652 1.92009
1814 1.55404 -2.44592 1.9352
1815 1.51997 -2.47998 1.75329
1816 1.5605 -2.43946 1.72423
1817 1.57781 -2.42214 1.68168
1818 1.61635 -2.3836 1.75794
1819 1.62502 -2.37493 1.74773
1820 1.63318 -2.36678 1.73445
1821 1.63114 -2.36882 1.70839
1822 1.673 -2.32696 1.84828
1823 1.65986 -2.3401 1.85076
1824 1.63533 -2.36463 1.79677
1825 1.63028 -2.36968 1.71157
1826 1.6281 -2.37185 1.65418
1827 1.64871 -2.35125 1.61891
1828 1.66648 -2.33348 1.60176
1829 1.73288 -2.26707 1.66921
1830 1.71224 -2.28772 1.613
1831 1.78327 -2.21669 1.64974
1832 1.79707 -2.20288 1.65788
1833 1.83582 -2.16413 1.73709
1834 1.78167 -2.21829 1.61823
1835 1.82752 -2.17243 1.66403
1836 1.83723 -2.16273 1.66598
1837 1.82479 -2.17516 1.64644
1838 1.85155 -2.1484 1.68524
1839 1.90755 -2.0924 1.68842
1840 1.91297 -2.08699 1.6908
1841 1.88588 -2.11408 1.72014
1842 1.95951 -2.04044 1.70777
1843 1.94881 -2.05114 1.69049
1844 1.93287 -2.06709 1.72684
1845 1.95708 -2.04288 1.72341
1846 1.90943 -2.09053 1.78367
1847 2.01632 -1.98363 1.75281
1848 2.0162 -1.98376 1.74752
1849 2.04121 -1.95874 1.75293
1850 1.95318 -2.04678 1.75128
1851 2.01485 -1.9851 1.73886
1852 2.03576 -1.96419 1.74759
1853 1.99078 -2.00917 1.71536
1854 1.96272 -2.03723 1.70354
1855 1.96681 -2.03314 1.69894
1856 1.98538 -2.01457 1.73366
1857 1.90139 -2.09856 1.67073
1858 1.97432 -2.02563 1.73305
1859 1.88779 -2.11216 1.65916
1860 1.91513 -2.08482 1.66833
1861 1.96153 -2.03843 1.70666
1862 1.93558 -2.06438 1.67028
1863 1.94868 -2.05128 1.74725
1864 1.89584 -2.10411 1.71021
1865 1.86367 -2.13629 1.64149
1866 1.84328 -2.15667 1.61418
1867 1.88112 -2.11883 1.65834
1868 1.86835 -2.13161 1.65186
1869 1.8574 -2.14255 1.65233
1870 1.81369 -2.18626 1.59611
1871 1.81936 -2.18059 1.59629
1872 1.91152 -2.08843 1.77012
1873 1.86485 -2.1351 1.79167
1874 1.81147 -2.18849 1.75327
1875 1.78181 -2.21814 1.67366
1876 1.75365 -2.2463 1.64569
1877 1.76663 -2.23333 1.67686
1878 1.73977 -2.26018 1.65365
1879 1.7242 -2.27575 1.58415
1880 1.76921 -2.23074 1.69462
1881 1.72176 -2.2782 1.54991
1882 1.79678 -2.20318 1.85255
1883 1.7665 -2.23346 1.77447
1884 1.71149 -2.28846 1.80817
1885 1.70381 -2.29614 1.93445
1886 1.61888 -2.38108 1.58384
1887 1.67644 -2.32351 1.93825
1888 1.62297 -2.37699 1.75728
1889 1.61188 -2.38807 1.76676
1890 1.5755 -2.42445 1.59806
1891 1.60125 -2.3987 1.54851
1892 1.65468 -2.34527 1.82273
1893 1.62641 -2.37354 1.95431
1894 1.57708 -2.42287 1.77624
1895 1.5445 -2.45545 1.53439
1896 1.59287 -2.40708 1.74961
1897 1.57724 -2.42271 1.71348
1898 1.59583 -2.40412 1.9637
1899 1.52455 -2.4754 1.59308
1900 1.57016 -2.4298 1.76438
1901 1.54341 -2.45654 1.51735
1902 1.60669 -2.39326 1.93514
1903 1.57473 -2.42522 1.95647
1904 1.53338 -2.46657 1.76358
1905 1.51717 -2.48279 1.7609
1906 1.50505 -2.4949 1.54282
1907 1.55114 -2.44881 1.71895
1908 1.54061 -2.45935 1.71203
1909 1.53975 -2.4602 1.60953
1910 1.57794 -2.42202 1.92115
1911 1.51916 -2.48079 1.59925
1912 1.56707 -2.43289 1.7818
1913 1.53259 -2.46736 1.69912
1914 1.54657 -2.45338 1.71686
1915 1.52668 -2.47327 1.59596
1916 1.58041 -2.41955 1.8871
1917 1.55798 -2.44198 1.91134
1918 1.5316 -2.46836 1.79415
1919 1.46167 -2.53828 1.43716
1920 1.60493 -2.39503 1.8466
1921 1.57368 -2.42628 1.71101
1922 1.5771 -2.42285 1.72864
1923 1.53573 -2.46423 1.52916
1924 1.60613 -2.39383 1.82638
1925 1.54537 -2.45458 1.51897
1926 1.61915 -2.3808 1.80719
1927 1.58562 -2.41434 1.65308
1928 1.61046 -2.38949 1.75411
1929 1.55326 -2.4467 1.51707
1930 1.62758 -2.37237 1.78906
1931 1.60995 -2.39001 1.79624
1932 1.55654 -2.44341 1.49785
1933 1.61643 -2.38352 1.60042
1934 1.62885 -2.37111 1.61047
1935 1.65227 -2.34768 1.74946
1936 1.59395 -2.40601 1.50435
1937 1.67332 -2.32663 1.73648
1938 1.613 -2.38696 1.50343
1939 1.67572 -2.32424 1.57821
1940 1.70242 -2.29754 1.70793
1941 1.62261 -2.37735 1.51587
1942 1.72739 -2.27257 1.56812
1943 1.76099 -2.23897 1.66972
1944 1.7114 -2.28855 1.55059
1945 1.71233 -2.28762 1.60192
1946 1.76629 -2.23366 1.58517
1947 1.83472 -2.16523 1.59037
1948 1.84027 -2.15968 1.59028
1949 1.83742 -2.16253 1.59103
1950 1.88013 -2.11983 1.65188
1951 1.85675 -2.1432 1.6203
1952 1.80239 -2.19756 1.60149
1953 1.85346 -2.14649 1.59196
1954 1.87539 -2.12456 1.59835
1955 1.87938 -2.12057 1.59812
1956 1.88331 -2.11664 1.59739
1957 1.88403 -2.11592 1.60178
1958 1.91106 -2.08889 1.65632
1959 1.77132 -2.22863 2.05746
1960 1.97952 -2.02043 1.66082
1961 1.908 -2.09196 1.68239
1962 1.93224 -2.06772 1.69598
1963 1.99362 -2.00634 1.66317
1964 1.94647 -2.05348 1.61948
1965 1.90925 -2.09071 1.66556
1966 1.93124 -2.06871 1.68647
1967 1.95428 -2.04568 1.70644
1968 2.00236 -1.99759 1.65324
1969 1.95534 -2.04461 1.82123
1970 2.07841 -1.92155 1.68458
1971 2.04664 -1.95331 1.67543
1972 1.98163 -2.01832 1.61516
1973 1.97927 -2.02069 1.60729
1974 1.91005 -2.0899 1.67634
1975 1.93629 -2.06366 1.75132
1976 2.05227 -1.94769 1.6407
1977 2.02754 -1.97242 1.62746
1978 1.97549 -2.02446 1.75506
1979 2.02723 -1.97272 1.66767
1980 2.09613 -1.90382 1.69075
1981 1.99115 -2.00881 1.63284
1982 2.04795 -1.952 1.64596
1983 2.01366 -1.9863 1.61059
1984 2.01855 -1.9814 1.69236
1985 1.94902 -2.05094 1.58502
1986 1.93281 -2.06715 1.58973
1987 1.91406 -2.0859 1.59528
1988 1.91372 -2.08623 1.73528
1989 1.83763 -2.16232 1.56391
1990 1.85665 -2.14331 1.78862
1991 1.80813 -2.19182 1.81935
1992 1.70663 -2.29333 1.48355
1993 1.75731 -2.24264 1.66005
1994 1.73661 -2.26334 1.67351
1995 1.70754 -2.29241 1.58955
1996 1.68296 -2.317 1.51663
1997 1.63235 -2.3676 1.37503
1998 1.77372 -2.22623 1.6488
1999 1.70659 -2.29336 1.51655
2000 1.78387 -2.21608 1.85397
2001 1.73516 -2.26479 1.87324
2002 1.63737 -2.36259 1.50501
2003 1.70549 -2.29447 1.90485
2004 1.65966 -2.34029 1.9426
2005 1.59164 -2.40831 1.64943
2006 1.59073 -2.40922 1.62309
2007 1.61566 -2.38429 1.99047
2008 1.52201 -2.47795 1.3953
2009 1.56713 -2.43283 1.56121
2010 1.60593 -2.39403 1.85385
2011 1.59812 -2.40184 1.99058
2012 1.54481 -2.45514 1.96052
2013 1.52862 -2.47133 2.07245
2014 1.45591 -2.54405 1.55373
2015 1.5021 -2.49786 1.85958
2016 1.47918 -2.52077 1.94266
2017 1.48508 -2.51487 2.11181
2018 1.44879 -2.55117 2.15333
2019 1.35557 -2.64439 1.56741
2020 1.46116 -2.53879 2.14132
2021 1.42686 -2.5731 2.17275
2022 1.36781 -2.63215 1.98647
2023 1.39646 -2.60349 2.21162
2024 1.36968 -2.63027 2.0849
2025 1.34027 -2.65969 2.16646
2026 1.31507 -2.68489 1.94257
2027 1.32268 -2.67728 1.81589
2028 1.33917 -2.66078 1.48779
2029 1.41008 -2.58987 1.82751
2030 1.43629 -2.56367 1.92289
2031 1.42891 -2.57105 1.91856
2032 1.41702 -2.58294 1.89564
2033 1.40157 -2.59838 1.83226
2034 1.38882 -2.61113 1.51402
2035 1.42064 -2.57932 1.53969
2036 1.46491 -2.53504 1.64819
2037 1.49745 -2.5025 1.69236
2038 1.50556 -2.4944 1.81591
2039 1.51463 -2.48533 1.89436
2040 1.48573 -2.51423 1.83656
2041 1.49625 -2.50371 1.90485
2042 1.47668 -2.52328 1.6689
2043 1.45449 -2.54547 1.44891
2044 1.54481 -2.45515 1.80956
2045 1.50659 -2.49336 1.50604
2046 1.5461 -2.45386 1.50034
2047 1.5925 -2.40745 1.59476
2048 1.562 -2.43796 1.4266
2049 1.68003 -2.31992 1.67014
2050 1.69733 -2.30263 1.72678
2051 1.66115 -2.33881 1.57415
2052 1.65657 -2.34338 1.50697
2053 1.72426 -2.27569 1.58693
2054 1.67704 -2.32292 1.53545
2055 1.79582 -2.20414 1.60526
2056 1.77356 -2.2264 1.56256
2057 1.78745 -2.2125 1.61282
2058 1.92448 -2.07548 1.64705
2059 1.91603 -2.08392 1.63025
2060 1.91629 -2.08366 1.68152
2061 1.82948 -2.17048 1.63017
2062 1.94627 -2.05368 1.7007
2063 1.92912 -2.07084 1.70159
2064 1.83181 -2.16814 1.64952
2065 1.89527 -2.10469 1.71333
2066 1.97698 -2.02297 1.71423
2067 1.98523 -2.01473 1.72317
2068 2.05676 -1.94319 1.72481
2069 2.02327 -1.97668 1.74707
2070 2.05352 -1.94644 1.75194
2071 2.02885 -1.97111 1.74243
2072 1.92425 -2.0757 1.72885
2073 2.01141 -1.98854 1.72319
2074 2.07625 -1.92371 1.75416
2075 1.98648 -2.01347 1.7228
2076 2.00846 -1.9915 1.74829
2077 2.0973 -1.90266 1.77681
2078 1.98184 -2.01811 1.77443
2079 2.00215 -1.99781 1.88924
2080 2.08973 -1.91022 1.83003
2081 2.15628 -1.84368 1.80095
2082 2.10905 -1.89091 1.82464
2083 2.18537 -1.81459 1.82159
2084 2.14537 -1.85459 1.79908
2085 2.05892 -1.94103 1.72929
2086 2.03441 -1.96555 1.75289
2087 2.05836 -1.94159 1.76098
2088 2.05464 -1.94532 1.81404
2089 2.14157 -1.85839 1.82351
2090 2.13056 -1.86939 1.81758
2091 2.07546 -1.92449 1.78431
2092 2.04761 -1.95234 1.80649
2093 1.99642 -2.00354 1.80723
2094 1.92593 -2.07402 1.79584
2095 1.89355 -2.1064 1.73624
2096 1.82506 -2.17489 1.62087
2097 1.88812 -2.11184 1.73552
2098 1.85997 -2.13999 1.7341
2099 1.83895 -2.161 1.8525
2100 1.80062 -2.19934 1.78778
2101 1.79215 -2.2078 1.96595
2102 1.71932 -2.28064 1.73326
2103 1.68022 -2.31973 1.68156
2104 1.7122 -2.28776 1.84336
2105 1.66784 -2.33212 1.80473
2106 1.68953 -2.31043 2.05643
2107 1.60302 -2.39693 1.75746
2108 1.63258 -2.36738 1.84199
2109 1.58948 -2.41048 1.76807
2110 1.61255 -2.3874 2.11369
2111 1.56415 -2.4358 2.18302
2112 1.48565 -2.5143 2.04546
2113 1.48787 -2.51209 2.03368
2114 1.43929 -2.56066 1.81449
2115 1.4926 -2.50735 2.25415
2116 1.41793 -2.58202 1.86262
2117 1.42748 -2.57247 1.8528
2118 1.45128 -2.54868 1.86725
2119 1.46524 -2.53471 1.91114
2120 1.4559 -2.54405 2.01378
2121 1.42186 -2.57809 1.8293
2122 1.46539 -2.53456 2.2253
2123 1.4182 -2.58175 2.05948
2124 1.39073 -2.60923 1.80842
2125 1.40306 -2.59689 1.82361
2126 1.41845 -2.5815 1.80322
2127 1.43606 -2.5639 1.80378
2128 1.47369 -2.52627 1.96155
2129 1.44362 -2.55634 1.87639
2130 1.48688 -2.51308 2.14646
2131 1.46219 -2.53776 2.14356
2132 1.41701 -2.58294 2.00427
2133 1.41091 -2.58905 1.99197
2134 1.38753 -2.61243 1.80538
2135 1.41026 -2.5897 1.77783
2136 1.46641 -2.53355 2.12143
2137 1.4294 -2.57055 1.95358
2138 1.41156 -2.58839 1.85071
2139 1.40832 -2.59163 1.70167
2140 1.4941 -2.50585 1.90995
2141 1.48405 -2.51591 1.88094
2142 1.48385 -2.5161 1.97488
2143 1.41759 -2.58236 1.55101
2144 1.52956 -2.47039 1.72733
2145 1.58083 -2.41912 1.94719
2146 1.54831 -2.45164 1.80458
2147 1.54742 -2.45253 1.74816
2148 1.54767 -2.45229 1.60205
2149 1.61069 -2.38927 1.77743
2150 1.60755 -2.3924 1.89386
2151 1.58813 -2.41183 1.90155
2152 1.57063 -2.42933 1.9151
2153 1.51485 -2.4851 1.62827
2154 1.5787 -2.42125 1.74872
2155 1.57543 -2.42452 1.73416
2156 1.58172 -2.41824 1.72124
2157 1.58925 -2.4107 1.71172
2158 1.59732 -2.40264 1.70066
2159 1.62321 -2.37675 1.84221
2160 1.6075 -2.39245 1.85181
2161 1.58172 -2.41823 1.71197
2162 1.54234 -2.45762 1.56995
2163 1.63206 -2.36789 1.68202
2164 1.63416 -2.3658 1.66299
2165 1.67271 -2.32725 1.79485
2166 1.65768 -2.34228 1.79683
2167 1.56051 -2.43945 1.55645
2168 1.67393 -2.32602 1.59465
2169 1.75958 -2.24038 1.75682
2170 1.74494 -2.25501 1.76017
2171 1.72963 -2.27033 1.75909
2172 1.7165 -2.28345 1.76729
2173 1.70083 -2.29912 1.76443
2174 1.60446 -2.39549 1.61128
2175 1.69858 -2.30137 1.60713
2176 1.77994 -2.22001 1.76155
2177 1.71645 -2.28351 1.60498
2178 1.77859 -2.22137 1.66082
2179 1.80766 -2.1923 1.75215
2180 1.79092 -2.20904 1.74876
2181 1.77561 -2.22434 1.74619
2182 1.74239 -2.25757 1.65395
2183 1.71516 -2.2848 1.59149
2184 1.76599 -2.23396 1.60424
2185 1.84457 -2.15538 1.72628
2186 1.80732 -2.19263 1.64485
2187 1.78291 -2.21704 1.61331
2188 1.84657 -2.15339 1.65471
2189 1.82014 -2.17981 1.63495
2190 1.89355 -2.10641 1.67238
2191 1.89468 -2.10527 1.71472
2192 1.8156 -2.18436 1.62212
2193 1.86876 -2.13119 1.64862
2194 1.84129 -2.15867 1.76127
2195 1.9206 -2.07935 1.68014
2196 1.95427 -2.04569 1.669
2197 1.93029 -2.06966 1.70167
2198 1.97116 -2.02879 1.67181
2199 1.8938 -2.10615 1.84529
2200 2.02485 -1.9751 1.70107
2201 2.04624 -1.95372 1.72092
2202 1.94844 -2.05151 1.71836
2203 2.02347 -1.97649 1.69096
2204 2.01776 -1.9822 1.68432
2205 1.98109 -2.01886 1.68421
2206 1.98417 -2.01578 1.7162
2207 1.96813 -2.03182 1.85118
2208 2.11148 -1.88848 1.74313
2209 2.02909 -1.97087 1.69732
2210 2.06894 -1.93101 1.73225
2211 2.02565 -1.97431 1.71614
2212 1.9743 -2.02565 1.65555
2213 1.96429 -2.03566 1.69961
2214 1.89848 -2.10147 1.60279
2215 1.96664 -2.03332 1.73084
2216 1.86939 -2.13056 1.58355
2217 1.87916 -2.12079 1.58488
2218 1.92201 -2.07794 1.6329
2219 1.8477 -2.15226 1.55412
2220 1.90627 -2.09369 1.60623
2221 1.95217 -2.04778 1.74309
2222 1.87498 -2.12498 1.64831
2223 1.88378 -2.11618 1.75289
2224 1.81695 -2.183 1.63307
2225 1.80176 -2.19819 1.73556
2226 1.76689 -2.23306 1.65719
2227 1.75135 -2.2486 1.63753
2228 1.72884 -2.27111 1.77502
2229 1.63794 -2.36202 1.48462
2230 1.73073 -2.26922 1.68936
2231 1.70811 -2.29185 1.84904
2232 1.65935 -2.3406 1.86775
2233 1.60198 -2.39798 1.7391
2234 1.57027 -2.42968 1.72935
2235 1.53894 -2.46101 1.57912
2236 1.54836 -2.4516 1.6733
2237 1.56824 -2.43172 1.74687
2238 1.52438 -2.47558 1.57246
2239 1.55853 -2.44142 1.74003
2240 1.54418 -2.45578 1.87756
2241 1.52174 -2.47821 1.97522
2242 1.46999 -2.52997 1.79728
2243 1.44551 -2.55444 1.6366
2244 1.41532 -2.58464 1.35843
2245 1.52086 -2.4791 1.59261
2246 1.55603 -2.44392 1.88343
2247 1.49244 -2.50752 1.54801
2248 1.51668 -2.48328 1.69559
2249 1.49688 -2.50308 1.71442
2250 1.50639 -2.49356 1.90849
2251 1.47082 -2.52914 1.93655
2252 1.42746 -2.57249 1.76492
2253 1.39717 -2.60278 1.54773
2254 1.43574 -2.56421 1.68642
2255 1.43792 -2.56204 1.71567
2256 1.42017 -2.57979 1.52909
2257 1.45007 -2.54988 1.67579
2258 1.4229 -2.57706 1.4755
2259 1.4809 -2.51906 1.69065
2260 1.46524 -2.53471 1.82394
2261 1.44108 -2.55887 1.5986
2262 1.40484 -2.59511 1.43156
2263 1.44595 -2.55401 1.48187
2264 1.48032 -2.51964 1.68521
2265 1.4537 -2.54625 1.61029
2266 1.43953 -2.56042 1.54598
2267 1.45569 -2.54426 1.7362
2268 1.42315 -2.57681 1.53809
2269 1.44117 -2.55879 1.73336
2270 1.42181 -2.57815 1.73858
2271 1.3918 -2.60815 1.35576
2272 1.43856 -2.56139 1.69746
2273 1.42268 -2.57727 1.7052
2274 1.38172 -2.61823 1.3719
2275 1.41934 -2.58062 1.41814
2276 1.44347 -2.55648 1.43641
2277 1.45581 -2.54415 1.42439
2278 1.47895 -2.521 1.5772
2279 1.46709 -2.53286 1.57707
2280 1.45122 -2.54873 1.52347
2281 1.45663 -2.54332 1.57819
2282 1.41242 -2.58754 1.25844
2283 1.48827 -2.51169 1.51549
2284 1.44315 -2.5568 1.19545
2285 1.52006 -2.4799 1.31287
2286 1.51068 -2.48927 1.21132
2287 1.55229 -2.44766 1.2171
2288 1.62088 -2.37907 1.26653
2289 1.65531 -2.34464 1.35159
2290 1.6497 -2.35025 1.34895
2291 1.63893 -2.36102 1.29868
2292 1.62448 -2.37548 1.24341
2293 1.62796 -2.372 1.2457
2294 1.71786 -2.28209 1.32286
2295 1.65825 -2.34171 1.35696
2296 1.71912 -2.28084 1.33587
2297 1.81507 -2.18489 1.32109
2298 1.80707 -2.19288 1.31325
2299 1.80051 -2.19944 1.30802
2300 1.79365 -2.2063 1.30259
2301 1.7792 -2.22076 1.29884
2302 1.72742 -2.27254 1.4616
2303 1.7862 -2.21375 1.63331
2304 1.89007 -2.10988 1.39316
2305 1.92541 -2.07455 1.34372
2306 1.91751 -2.08244 1.33155
2307 1.85026 -2.14969 1.47481
2308 1.92623 -2.07373 1.38616
2309 1.85339 -2.14656 1.76775
2310 2.02515 -1.97481 1.39694
2311 1.99206 -2.0079 1.60113
2312 2.0262 -1.97376 1.38811
2313 1.98651 -2.01345 1.42285
2314 1.9453 -2.05465 1.73396
2315 1.97515 -2.02481 1.84428
2316 2.11418 -1.88577 1.44557
2317 2.06723 -1.93272 1.49926
2318 2.06109 -1.93887 1.6108
2319 2.0892 -1.91075 1.40707
2320 2.09489 -1.90507 1.39276
2321 2.07006 -1.9299 1.36171
2322 1.95466 -2.04529 1.86378
2323 2.02895 -1.97101 1.60985
2324 2.0811 -1.91886 1.47716
2325 2.08986 -1.91009 1.44798
2326 2.08301 -1.91694 1.42592
2327 2.03479 -1.96517 1.55372
2328 2.0931 -1.90685 1.41779
2329 2.02525 -1.9747 1.7112
2330 2.14176 -1.85819 1.36887
2331 2.0771 -1.92285 1.37333
2332 2.00453 -1.99543 1.59144
2333 2.08985 -1.91011 1.37102
2334 2.0386 -1.96135 1.51978
2335 2.09025 -1.9097 1.35225
2336 2.09988 -1.90008 1.31538
2337 1.99847 -2.00148 1.37009
2338 2.05664 -1.94331 1.30278
2339 2.01459 -1.98536 1.28494
2340 1.91208 -2.08787 1.22918
2341 1.94147 -2.05849 1.21873
2342 1.92426 -2.0757 1.24394
2343 1.90708 -2.09288 1.31811
2344 1.83843 -2.16152 1.19904
2345 1.72484 -2.27511 1.21713
2346 1.83976 -2.16019 1.12272
2347 1.67851 -2.32144 2.59088
2348 1.9686 -2.03135 1.5882
2349 2.11606 -1.88389 1.31766
2350 2.06067 -1.93929 1.31375
2351 1.94761 -2.05234 1.17908
2352 1.97018 -2.02977 1.21695
2353 1.94161 -2.05835 1.21462
2354 1.852 -2.14796 1.14149
2355 1.89268 -2.10727 1.15763
2356 1.922 -2.07796 1.22103
2357 1.85545 -2.1445 1.13754
2358 1.8591 -2.14085 1.13677
2359 1.89491 -2.10504 1.2951
2360 1.85108 -2.14887 1.44703
2361 1.79213 -2.20783 1.52037
2362 1.7319 -2.26805 1.59853
2363 1.65602 -2.34394 1.43368
2364 1.62351 -2.37644 1.47023
2365 1.56347 -2.43648 1.25184
2366 1.58549 -2.41447 1.52432
2367 1.56475 -2.43521 1.82031
2368 1.50372 -2.49623 1.70858
2369 1.47287 -2.52709 1.92598
2370 1.40405 -2.5959 1.77284
2371 1.37867 -2.62128 1.83483
2372 1.35684 -2.64312 2.14629
2373 1.2881 -2.71186 1.92084
2374 1.25479 -2.74516 1.60319
2375 1.2635 -2.73646 1.53013
2376 1.29202 -2.70793 1.58513
2377 1.09176 -2.90819 1.90107
2378 1.54194 -2.45801 1.38972
2379 1.55128 -2.44867 1.70703
2380 1.50754 -2.49242 1.77181
2381 1.46476 -2.5352 1.8344
2382 1.39233 -2.60763 1.3703
2383 1.42915 -2.5708 1.50794
2384 1.41805 -2.5819 1.6093
2385 1.39428 -2.60568 1.59208
2386 1.37487 -2.62509 1.36325
2387 1.39019 -2.60977 1.34076
2388 1.39216 -2.60779 1.2215
2389 1.43694 -2.56301 1.27878
2390 1.4731 -2.52686 1.48387
2391 1.45494 -2.54502 1.56286
2392 1.46691 -2.53304 1.7339
2393 1.42989 -2.57007 1.5546
2394 1.40599 -2.59397 1.34695
2395 1.43649 -2.56346 1.52627
2396 1.40849 -2.59147 1.28129
2397 1.45181 -2.54814 1.47827
2398 1.452 -2.54796 1.27249
2399 1.47645 -2.52351 1.67837
2400 1.45041 -2.54954 1.71415
2401 1.42534 -2.57462 1.74862
2402 1.3813 -2.61865 1.51375
2403 1.37359 -2.62636 1.28103
2404 1.42267 -2.57728 1.47042
2405 1.43452 -2.56543 1.45343
2406 1.40775 -2.59221 1.23697
2407 1.42541 -2.57454 1.09325
2408 1.51449 -2.48547 1.51268
2409 1.51014 -2.48981 1.57345
2410 1.4924 -2.50756 1.60458
2411 1.47352 -2.52643 1.61733
2412 1.42264 -2.57732 1.21616
2413 1.47782 -2.52214 1.36611
2414 1.46443 -2.53553 1.16166
2415 1.52802 -2.47193 1.21613
2416 1.53651 -2.46345 1.26843
2417 1.55996 -2.44 1.27993
2418 1.54298 -2.45698 1.14211
2419 1.62718 -2.37278 1.3839
2420 1.61086 -2.3891 1.43258
2421 1.56444 -2.43552 1.14219
2422 1.62026 -2.3797 1.24983
2423 1.64738 -2.35258 1.32046
2424 1.62514 -2.37482 1.34085
2425 1.625 -2.37496 1.25391
2426 1.61822 -2.38173 1.16331
2427 1.66823 -2.33173 1.24194
2428 1.67756 -2.3224 1.23906
2429 1.7062 -2.29375 1.37372
2430 1.64209 -2.35786 1.17969
2431 1.70263 -2.29732 1.18363
2432 1.76397 -2.23598 1.34694
2433 1.69996 -2.29999 1.20303
2434 1.71405 -2.2859 1.28078
2435 1.79052 -2.20944 1.26391
2436 1.85824 -2.14171 1.28233
2437 1.86486 -2.13509 1.2868
2438 1.87786 -2.1221 1.276
2439 1.90849 -2.09147 1.35119
2440 1.86817 -2.13178 1.28936
2441 1.89621 -2.10375 1.35289
2442 1.85856 -2.14139 1.288
2443 1.80998 -2.18998 1.36317
2444 1.92942 -2.07053 1.37927
2445 1.89539 -2.10456 1.31091
2446 1.78873 -2.21123 1.67192
2447 1.95737 -2.04259 1.36859
2448 2.00227 -1.99768 1.3994
2449 1.95871 -2.04124 1.41126
2450 1.94722 -2.05273 1.34876
2451 1.95057 -2.04939 1.41007
2452 1.92282 -2.07713 1.34947
2453 1.94213 -2.05782 1.4263
2454 1.89037 -2.10959 1.33689
2455 1.54108 -2.45887 3.29019
2456 1.67049 -2.32946 4.29903
2457 2.35937 -1.64058 1.91336
2458 2.38599 -1.61396 1.75015
2459 2.35147 -1.64848 1.69066
2460 2.31487 -1.68508 1.63539
2461 2.22234 -1.77761 1.7228
2462 2.24237 -1.75759 1.66182
2463 2.24386 -1.7561 1.5982
2464 2.2181 -1.78185 1.58247
2465 2.22826 -1.7717 1.53183
2466 2.11259 -1.88737 1.55344
2467 2.17496 -1.82499 1.45879
2468 2.12594 -1.87402 1.43617
2469 2.12371 -1.87624 1.50191
2470 2.0744 -1.92556 1.45881
2471 1.94312 -2.05683 1.38185
2472 2.01076 -1.9892 1.39888
2473 1.9461 -2.05386 1.31998
2474 1.93754 -2.06241 1.32769
2475 1.94572 -2.05424 1.32238
2476 1.97716 -2.02279 1.42063
2477 1.91077 -2.08918 1.30308
2478 1.89851 -2.10144 1.40472
2479 1.9425 -2.05745 1.62181
2480 1.87984 -2.12012 1.66286
2481 1.76783 -2.23212 1.33785
2482 1.79221 -2.20775 1.52466
2483 1.75521 -2.24475 1.54388
2484 1.67116 -2.3288 1.33169
2485 1.6975 -2.30245 1.37774
2486 1.65801 -2.34195 1.36272
2487 1.71843 -2.28153 1.40928
2488 1.72495 -2.275 1.58089
2489 1.70523 -2.29473 1.83064
2490 1.64234 -2.35762 1.90248
2491 1.55873 -2.44122 1.66438
2492 1.56064 -2.43932 1.92629
2493 1.46661 -2.53334 1.56193
2494 1.45829 -2.54166 1.53919
2495 1.46229 -2.53766 1.55525
2496 1.4633 -2.53665 1.45397
2497 1.49589 -2.50406 2.02509
2498 1.40022 -2.59973 1.52969
2499 1.4438 -2.55616 1.85366
2500 1.41906 -2.58089 2.13022
2501 1.36839 -2.63156 2.00256
2502 1.32212 -2.67784 1.96952
2503 1.28494 -2.71501 1.84145
2504 1.2948 -2.70516 1.99566
2505 1.29851 -2.70145 2.28244
2506 1.236 -2.76396 2.35895
2507 1.19495 -2.805 2.44927
2508 1.14832 -2.85164 2.17394
2509 0.962204 -3.03775 1.56399
2510 1.37556 -2.6244 2.00967
2511 1.32132 -2.67863 1.72488
2512 1.33763 -2.66233 2.06946
2513 1.27683 -2.72313 1.57164
2514 1.32736 -2.6726 1.99942
2515 1.26685 -2.7331 1.54661
2516 1.30603 -2.69393 1.77916
2517 1.30028 -2.69967 1.7708
2518 1.29518 -2.70477 1.76726
2519 1.29838 -2.70157 2.02401
2520 1.27165 -2.72831 2.04945
2521 1.24104 -2.75891 1.80673
2522 1.2493 -2.75065 2.05742
2523 1.20578 -2.79418 1.54612
2524 1.25323 -2.74673 1.73461
2525 1.25661 -2.74334 1.72099
2526 1.26143 -2.73852 1.68627
2527 1.26837 -2.73159 1.65006
2528 1.27404 -2.72591 1.76984
2529 1.285 -2.71495 1.87968
2530 1.27145 -2.7285 1.87812
2531 1.24752 -2.75244 1.75108
2532 1.24157 -2.75838 1.37337
2533 1.27922 -2.72073 1.30218
2534 1.32609 -2.67387 1.21696
2535 1.39389 -2.60607 1.59768
2536 1.38646 -2.6135 1.58846
2537 1.3713 -2.62865 1.37191
2538 1.35245 -2.64751 1.03364
2539 1.47179 -2.52817 1.43843
2540 1.46708 -2.53288 1.42828
2541 1.4609 -2.53905 1.4041
2542 1.45476 -2.5452 1.2438
2543 1.47441 -2.52555 1.21658
2544 1.4549 -2.54506 1.03466
2545 1.53603 -2.46392 1.06767
2546 1.59224 -2.40771 1.06556
2547 1.62785 -2.3721 1.08724
2548 1.63301 -2.36694 1.24902
2549 1.78825 -2.2117 1.2112
2550 1.78635 -2.2136 1.21074
2551 1.76342 -2.23653 1.16736
2552 1.78963 -2.21033 1.17859
2553 1.81051 -2.18944 1.19195
2554 1.82792 -2.17203 1.20671
2555 1.82908 -2.17087 1.2692
2556 1.86729 -2.13266 1.26817
2557 1.89739 -2.10256 1.28254
2558 1.90219 -2.09776 1.36886
2559 1.97215 -2.02781 1.30026
2560 1.928 -2.07195 1.32858
2561 1.94522 -2.05473 1.34908
2562 2.00048 -1.99948 1.31918
2563 1.92807 -2.07188 1.46291
2564 1.92861 -2.07134 1.8124
2565 2.07525 -1.92471 1.46239
2566 2.10613 -1.89382 1.40121
2567 2.10365 -1.8963 1.3836
2568 1.91129 -2.08867 2.06414
2569 2.14365 -1.85631 1.43761
2570 2.12255 -1.8774 1.41282
2571 2.09986 -1.9001 1.39036
2572 2.04426 -1.9557 1.41438
2573 2.08706 -1.9129 1.37349
2574 1.97683 -2.02313 1.55424
2575 2.07444 -1.92552 1.41381
2576 2.09893 -1.90103 1.38517
2577 2.00462 -1.99533 1.47512
2578 2.0129 -1.98705 1.54858
2579 2.05736 -1.94259 1.544
2580 2.14406 -1.8559 1.42023
2581 2.0944 -1.90555 1.40177
2582 2.05983 -1.94012 1.371
2583 2.03 -1.96995 1.42124
2584 2.08717 -1.91279 1.38686
2585 2.04709 -1.95286 1.36526
2586 2.00837 -1.99158 1.35377
2587 1.94613 -2.05383 1.27823
2588 1.90974 -2.09021 1.24872
2589 1.92174 -2.07821 1.27404
2590 1.90205 -2.09791 1.26687
2591 1.90108 -2.09887 1.34685
2592 1.91818 -2.08177 1.3933
2593 1.86937 -2.13058 1.39265
2594 1.80586 -2.19409 1.27423
2595 1.75734 -2.24262 1.19093
2596 1.79569 -2.20426 1.27303
2597 1.74726 -2.2527 1.18685
2598 1.72385 -2.27611 1.19655
2599 1.84798 -2.15198 1.40724
2600 1.7998 -2.20016 1.42681
2601 1.72501 -2.27495 1.24467
2602 1.66595 -2.33401 1.13919
2603 1.77618 -2.22377 1.44031
2604 1.68355 -2.3164 1.17151
2605 1.71947 -2.28049 1.30102
2606 1.68488 -2.31508 1.19626
2607 1.69776 -2.30219 1.3207
2608 1.63939 -2.36056 1.156
2609 1.69328 -2.30668 1.34639
2610 1.67994 -2.32002 1.54196
2611 1.61654 -2.38341 1.36517
2612 1.59793 -2.40203 1.37996
2613 1.58208 -2.41788 1.53133
2614 1.5281 -2.47185 1.25783
2615 1.57305 -2.4269 1.65082
2616 1.49219 -2.50776 1.27908
2617 1.50075 -2.49921 1.2676
2618 1.51305 -2.48691 1.33292
2619 1.54371 -2.45624 1.4794
2620 1.5049 -2.49505 1.31569
2621 1.52046 -2.47949 1.45687
2622 1.49053 -2.50943 1.27774
2623 1.52704 -2.47291 1.66292
2624 1.46529 -2.53466 1.2949
2625 1.48616 -2.51379 1.47292
2626 1.47268 -2.52727 1.48361
2627 1.43709 -2.56287 1.28521
2628 1.48431 -2.51564 1.34543
2629 1.48597 -2.51398 1.66929
2630 1.45005 -2.54991 1.71176
2631 1.40048 -2.59948 1.61295
2632 1.39705 -2.6029 1.539
2633 1.38969 -2.61026 1.53861
2634 1.38464 -2.61531 1.54849
2635 1.33692 -2.66303 1.1698
2636 1.42549 -2.57446 1.46238
2637 1.39977 -2.60018 1.26474
2638 1.40558 -2.59438 1.16121
2639 1.49688 -2.50307 1.56306
2640 1.47099 -2.52896 1.59379
2641 1.43552 -2.56444 1.54305
2642 1.40223 -2.59773 1.23378
2643 1.41114 -2.58882 1.14323
2644 1.49612 -2.50383 1.32844
2645 1.51157 -2.48838 1.51942
2646 1.47645 -2.5235 1.34991
2647 1.45581 -2.54414 1.14337
2648 1.50841 -2.49155 1.25215
2649 1.54139 -2.45857 1.45889
2650 1.5213 -2.47865 1.4792
2651 1.46398 -2.53597 1.16058
2652 1.51925 -2.4807 1.27417
2653 1.53719 -2.46277 1.44068
2654 1.48498 -2.51497 1.18874
2655 1.53309 -2.46687 1.25453
2656 1.51261 -2.48735 1.12873
2657 1.52976 -2.4702 1.13625
2658 1.64258 -2.35737 1.315
2659 1.63219 -2.36777 1.30174
2660 1.60342 -2.39654 1.21308
2661 1.6126 -2.38736 1.32551
2662 1.5542 -2.44575 1.1217
2663 1.58661 -2.41334 1.1299
2664 1.64848 -2.35147 1.16784
2665 1.67523 -2.32472 1.27292
2666 1.61595 -2.38401 1.13545
2667 1.68988 -2.31008 1.25773
2668 1.65783 -2.34212 1.16231
2669 1.68444 -2.31552 1.25599
2670 1.65661 -2.34335 1.2238
2671 1.66728 -2.33268 1.2682
2672 1.6088 -2.39116 1.17272
2673 1.67578 -2.32418 1.16178
2674 1.6376 -2.36235 1.18149
2675 1.69908 -2.30088 1.20738
2676 1.7329 -2.26706 1.24076
2677 1.79725 -2.2027 1.20118
2678 1.76542 -2.23453 1.22354
2679 1.84251 -2.15744 1.21817
2680 1.85534 -2.14462 1.2357
2681 1.83474 -2.16522 1.22775
2682 1.76603 -2.23393 1.25119
2683 1.7974 -2.20255 1.28206
2684 1.86517 -2.13479 1.22256
2685 1.85485 -2.1451 1.21597
2686 1.8229 -2.17706 1.29631
2687 1.87905 -2.12091 1.23236
2688 1.87924 -2.12071 1.23246
2689 1.92057 -2.07938 1.24205
2690 1.91837 -2.08158 1.24377
2691 1.86836 -2.1316 1.22815
2692 1.83981 -2.16015 1.19732
2693 1.85404 -2.14591 1.19732
2694 1.79953 -2.20043 1.48007
2695 1.87369 -2.12627 1.30333
2696 1.93005 -2.0699 1.23651
2697 1.83245 -2.16751 1.59824
2698 1.92152 -2.07844 1.64626
2699 2.07001 -1.92995 1.29218
2700 2.04192 -1.95803 1.27262
2701 1.94481 -2.05515 1.30321
2702 2.02179 -1.97817 1.26245
2703 1.96319 -2.03676 1.23311
2704 1.88502 -2.11494 1.43339
2705 1.99583 -2.00413 1.25146
2706 1.94995 -2.05001 1.32521
2707 2.03087 -1.96908 1.24802
2708 1.91929 -2.08066 1.28784
2709 1.93718 -2.06277 1.30955
2710 2.01524 -1.98472 1.30703
2711 2.0287 -1.97126 1.26006
2712 1.9633 -2.03665 1.20828
2713 1.90914 -2.09081 1.22324
2714 1.87456 -2.12539 1.49018
2715 2.00292 -1.99703 1.22787
2716 2.00787 -1.99208 1.26427
2717 1.90208 -2.09788 1.23008
2718 1.95559 -2.04436 1.24503
2719 1.93097 -2.06899 1.27414
2720 1.81241 -2.18754 1.15127
2721 1.88334 -2.11661 1.14887
2722 1.91038 -2.08958 1.39443
2723 1.75213 -2.24783 1.10913
2724 1.81527 -2.18469 1.12417
2725 1.82609 -2.17387 1.12749
2726 1.81891 -2.18105 1.1766
2727 1.8055 -2.19445 1.12252
2728 1.83754 -2.16241 1.22991
2729 1.82628 -2.17368 1.2119
2730 1.73419 -2.26576 1.12784
2731 1.79045 -2.2095 1.31159
2732 1.74436 -2.25559 1.45446
2733 1.68933 -2.31062 1.38562
2734 1.64734 -2.35262 1.57362
2735 1.59348 -2.40647 1.65259
2736 1.54978 -2.45017 1.7444
2737 1.48706 -2.51289 1.82722
2738 1.43578 -2.56418 1.91881
2739 1.35208 -2.64787 1.54829
2740 1.37686 -2.62309 1.73728
2741 1.35701 -2.64295 1.77822
2742 1.31045 -2.68951 1.50863
2743 1.32918 -2.67077 1.51909
2744 1.32386 -2.67609 1.4756
2745 1.34103 -2.65892 1.59571
2746 1.28493 -2.71503 1.14028
2747 1.42696 -2.573 1.55484
2748 1.40372 -2.59623 1.85429
2749 1.34056 -2.6594 1.43932
2750 1.36337 -2.63658 1.61339
2751 1.36095 -2.639 1.90066
2752 1.29859 -2.70136 1.43463
2753 1.31436 -2.6856 1.39335
2754 1.3213 -2.67865 1.29367
2755 1.3679 -2.63206 1.34625
2756 1.40283 -2.59713 1.7399
2757 1.35314 -2.64681 1.20408
2758 1.40276 -2.5972 1.70123
2759 1.36557 -2.63438 1.50206
2760 1.34219 -2.65777 1.27535
2761 1.34418 -2.65577 1.09434
2762 1.40541 -2.59455 1.06463
2763 1.43086 -2.5691 1.0188
2764 1.52609 -2.47386 1.21844
2765 1.52787 -2.47208 1.2262
2766 1.53609 -2.46387 1.4033
2767 1.50116 -2.49879 1.15214
2768 1.5226 -2.47736 1.40999
2769 1.50128 -2.49867 1.33191
2770 1.43514 -2.56481 1.00057
2771 1.52284 -2.47712 1.0985
2772 1.4829 -2.51705 1.0283
2773 1.60727 -2.39269 1.09783
2774 1.58656 -2.4134 1.00781
2775 1.64936 -2.3506 1.12484
2776 1.63556 -2.36439 1.09723
2777 1.62057 -2.37938 1.01842
2778 1.65644 -2.34351 1.06539
2779 1.62183 -2.37812 1.28141
2780 1.70051 -2.29944 1.01859
2781 1.68398 -2.31598 1.14358
2782 1.7938 -2.20615 1.10815
2783 1.81238 -2.18757 1.11605
2784 1.78298 -2.21698 1.26377
2785 1.87828 -2.12168 1.11636
2786 1.86395 -2.13601 1.25569
2787 1.87295 -2.127 1.12469
2788 1.90942 -2.09053 1.15283
2789 1.93509 -2.06486 1.10966
2790 1.92252 -2.07744 1.13376
2791 1.87527 -2.12468 1.09795
2792 1.8563 -2.14366 1.07445
2793 1.84291 -2.15704 1.16279
2794 1.88612 -2.11384 1.20155
2795 1.92784 -2.07212 1.15051
2796 1.90107 -2.09888 1.15035
2797 1.8938 -2.10616 1.1209
2798 1.94774 -2.05222 1.1548
2799 1.83424 -2.16572 1.17617
2800 1.89195 -2.108 1.18101
2801 1.91663 -2.08333 1.20048
2802 1.96597 -2.03398 1.13878
2803 1.94531 -2.05464 1.12514
2804 1.93013 -2.06982 1.11556
2805 1.93583 -2.06413 1.12948
2806 1.8545 -2.14545 1.11603
2807 1.92348 -2.07647 1.16285
2808 1.86118 -2.13878 1.08688
2809 1.82256 -2.17739 1.06307
2810 1.88688 -2.11308 1.16485
2811 1.82641 -2.17354 1.07605
2812 1.79735 -2.2026 1.06996
2813 1.80249 -2.19747 1.14124
2814 1.77191 -2.22804 1.14998
2815 1.69942 -2.30053 1.00682
2816 1.72621 -2.27374 1.00694
2817 1.7353 -2.26466 1.01007
2818 1.77526 -2.2247 1.09606
2819 1.73894 -2.26101 1.08062
2820 1.73722 -2.26273 1.09535
2821 1.73518 -2.26478 1.2496
2822 1.64912 -2.35083 1.05168
2823 1.66938 -2.33057 1.11395
2824 1.61442 -2.38553 0.989901
2825 1.64827 -2.35169 1.04274
2826 1.64718 -2.35277 1.05649
2827 1.65903 -2.34092 1.15317
2828 1.64409 -2.35586 1.1976
2829 1.6014 -2.39855 1.15157
2830 1.42922 -2.57073 2.17432
2831 1.77316 -2.22679 1.06952
2832 1.7713 -2.22865 1.20728
2833 1.70944 -2.29052 1.07598
2834 1.69384 -2.30611 1.17612
2835 1.58062 -2.41933 1.00515
2836 1.70862 -2.29133 1.08754
2837 1.70628 -2.29367 1.16967
2838 1.62745 -2.37251 0.974824
2839 1.63569 -2.36426 0.974275
2840 1.64393 -2.35603 0.971724
2841 1.6952 -2.30475 1.26054
2842 1.64016 -2.3598 1.22648
2843 1.61414 -2.38582 1.17604
2844 1.5656 -2.43435 1.1063
2845 1.54471 -2.45524 0.923626
2846 1.62961 -2.37035 1.12837
2847 1.6053 -2.39465 1.36812
2848 1.50998 -2.48998 0.903323
2849 1.58528 -2.41467 1.15455
2850 1.56737 -2.43259 1.15053
2851 1.56697 -2.43298 1.39102
2852 1.52857 -2.47139 1.45676
2853 1.47728 -2.52267 1.2436
2854 1.46651 -2.53345 1.28716
2855 1.45362 -2.54633 1.3017
2856 1.42235 -2.57761 1.00377
2857 1.46328 -2.53667 1.269
2858 1.45181 -2.54814 1.27618
2859 1.41932 -2.58064 1.04611
2860 1.45871 -2.54125 1.25086
2861 1.44928 -2.55068 1.37548
2862 1.43201 -2.56795 1.27372
2863 1.44681 -2.55315 1.36725
2864 1.41635 -2.58361 1.53315
2865 1.35599 -2.64396 1.076
2866 1.41142 -2.58854 1.52261
2867 1.37451 -2.62545 1.46063
2868 1.34314 -2.65681 1.10388
2869 1.39435 -2.60561 1.52581
2870 1.3196 -2.68035 0.89627
2871 1.42263 -2.57733 1.45564
2872 1.40014 -2.59982 1.49745
2873 1.37222 -2.62773 1.08154
2874 1.39923 -2.60072 1.45434
2875 1.36404 -2.63591 1.12434
2876 1.38588 -2.61407 1.206
2877 1.39236 -2.6076 1.1861
2878 1.38491 -2.61505 1.01033
2879 1.40239 -2.59756 0.920823
2880 1.44658 -2.55337 0.993682
2881 1.48072 -2.51924 1.17846
2882 1.48078 -2.51918 1.09123
2883 1.49827 -2.50168 1.0842
2884 1.44441 -2.55555 0.845728
2885 1.51187 -2.48808 0.92936
2886 1.52258 -2.47738 0.83905
2887 1.58498 -2.41497 0.863294
2888 1.61129 -2.38866 0.887417
2889 1.62161 -2.37835 0.938721
2890 1.6394 -2.36055 0.917256
2891 1.65449 -2.34547 1.02995
2892 1.62896 -2.371 0.983887
2893 1.62856 -2.37139 0.898906
2894 1.64681 -2.35314 0.880335
2895 1.65323 -2.34672 0.853334
2896 1.58757 -2.41238 1.1014
2897 1.73662 -2.26334 0.896076
2898 1.7456 -2.25436 0.898451
2899 1.74556 -2.25439 0.912851
2900 1.79762 -2.20234 0.967624
2901 1.74381 -2.25614 0.949339
2902 1.78497 -2.21498 0.913568
2903 1.80012 -2.19984 0.948206
2904 1.81475 -2.18521 0.969242
2905 1.76026 -2.23969 0.923853
2906 1.7408 -2.25915 1.09776
2907 1.83844 -2.16151 0.965104
2908 1.8585 -2.14145 0.967528
2909 1.86475 -2.1352 0.97141
2910 1.87346 -2.1265 0.974304
2911 1.843 -2.15695 1.09379
2912 1.9076 -2.09236 1.00403
2913 1.87669 -2.12326 1.13357
2914 1.94164 -2.05831 1.02718
2915 1.96309 -2.03686 1.03041
2916 1.88457 -2.11539 1.04177
2917 1.89521 -2.10475 1.13961
2918 1.95732 -2.04264 1.03517
2919 1.91875 -2.0812 1.16588
2920 1.97819 -2.02176 1.05485
2921 1.94093 -2.05902 1.18021
2922 1.99719 -2.00277 1.06842
2923 1.95766 -2.04229 1.19406
2924 2.04706 -1.9529 1.06766
2925 1.98519 -2.01477 1.03092
2926 1.97708 -2.02288 1.01021
2927 1.93349 -2.06647 1.10833
2928 1.96001 -2.03995 1.07675
2929 1.97179 -2.02817 1.07976
2930 2.02265 -1.9773 1.07743
2931 1.89716 -2.10279 1.15591
2932 1.95274 -2.04722 1.09965
2933 2.00338 -1.99658 1.04276
2934 2.00958 -1.99038 1.08956
2935 1.96512 -2.03484 1.08466
2936 1.87847 -2.12149 0.975887
2937 1.86532 -2.13464 0.952055
2938 1.92533 -2.07463 1.0011
2939 1.84491 -2.15505 0.984465
2940 1.8158 -2.18415 0.982942
2941 1.87331 -2.12664 0.965242
2942 1.85454 -2.14541 1.02336
2943 1.89726 -2.10269 0.979216
2944 1.94047 -2.05948 1.01653
2945 1.93025 -2.06971 1.1274
2946 1.88374 -2.11622 1.16997
2947 1.78246 -2.2175 0.87317
2948 1.7277 -2.27226 1.01933
2949 1.89645 -2.10351 1.16636
2950 1.79197 -2.20798 0.901675
2951 1.8237 -2.17625 1.02529
2952 1.77548 -2.22447 1.01457
2953 1.78697 -2.21299 1.06216
2954 1.77755 -2.22241 1.28584
2955 1.72207 -2.27789 1.34322
2956 1.63129 -2.36866 0.908507
2957 1.63239 -2.36756 0.956066
2958 1.64662 -2.35333 1.12366
2959 1.62013 -2.37982 0.980014
2960 1.64652 -2.35344 1.18727
2961 1.56273 -2.43723 0.847059
2962 1.64696 -2.35299 0.985841
2963 1.63819 -2.36176 1.09657
2964 1.65758 -2.34237 1.44344
2965 1.58479 -2.41517 1.36023
2966 1.57255 -2.4274 1.57114
2967 1.48688 -2.51308 1.12557
2968 1.49978 -2.50017 1.29095
2969 1.50592 -2.49404 1.40242
2970 1.49259 -2.50736 1.70793
2971 1.40099 -2.59896 1.00981
2972 1.44744 -2.55252 1.38656
2973 1.44889 -2.55107 1.63923
2974 1.4286 -2.57135 1.8029
2975 1.39024 -2.60972 1.79043
2976 1.34556 -2.6544 1.93163
2977 1.27965 -2.72031 1.42956
2978 1.31584 -2.68412 1.97565
2979 1.25228 -2.74767 1.45393
2980 1.24891 -2.75105 1.20119
2981 1.32159 -2.67837 1.6278
2982 1.27613 -2.72382 1.07045
2983 1.36233 -2.63762 1.78656
2984 1.32953 -2.67043 1.85271
2985 1.28582 -2.71414 1.55376
2986 1.28627 -2.71368 1.44445
2987 1.30469 -2.69526 1.86965
2988 1.26007 -2.73988 1.16222
2989 1.30944 -2.69051 1.8071
2990 1.2757 -2.72425 1.57024
2991 1.27386 -2.72609 1.5417
2992 1.26869 -2.73127 1.05942
2993 1.30662 -2.69334 1.44881
2994 1.32504 -2.67491 1.66822
2995 1.26832 -2.73163 1.07479
2996 1.32105 -2.6789 1.06314
2997 1.36835 -2.63161 1.05045
2998 1.39376 -2.6062 1.18799
2999 1.36335 -2.63661 0.874368
3000 1.46381 -2.53614 1.34944
3001 1.41321 -2.58674 0.886873
3002 1.50272 -2.49724 1.23047
3003 1.46654 -2.53341 1.08672
3004 1.48263 -2.51733 1.27223
3005 1.47331 -2.52664 1.16643
3006 1.46478 -2.53517 1.28326
3007 1.42754 -2.57242 1.00603
3008 1.46325 -2.5367 1.00703
3009 1.47876 -2.5212 1.00157
3010 1.5032 -2.49676 1.17801
3011 1.4575 -2.54245 0.828094
3012 1.49637 -2.50358 0.818539
3013 1.52635 -2.4736 0.841937
3014 1.56838 -2.43158 0.826047
3015 1.64746 -2.35249 1.00117
3016 1.62302 -2.37694 0.86854
3017 1.63734 -2.36262 0.859615
3018 1.64295 -2.35701 0.872252
3019 1.68612 -2.31383 0.967213
3020 1.6801 -2.31985 0.983549
3021 1.65212 -2.34783 0.858355
3022 1.6389 -2.36106 0.863999
3023 1.68614 -2.31382 0.966033
3024 1.73386 -2.26609 0.888147
3025 1.72489 -2.27506 1.02377
3026 1.7799 -2.22005 0.981744
3027 1.7199 -2.28006 0.968458
3028 1.75624 -2.24372 1.02277
3029 1.82544 -2.17452 0.965926
3030 1.78755 -2.21241 1.18182
3031 1.85228 -2.14768 1.18838
3032 1.87146 -2.1285 1.33702
3033 1.99392 -2.00603 1.08662
3034 1.97889 -2.02106 1.07263
3035 1.94552 -2.05443 1.11923
3036 1.92465 -2.07531 1.09648
3037 1.96709 -2.03287 1.07724
3038 1.94633 -2.05362 1.06075
3039 1.86902 -2.13094 1.1367
3040 1.92384 -2.07611 1.10253
3041 1.90003 -2.09993 1.29877
3042 2.00659 -1.99337 1.08595
3043 1.98133 -2.01862 1.06902
3044 1.96498 -2.03498 1.04286
3045 1.9142 -2.08575 1.08956
3046 1.90033 -2.09962 1.00921
3047 1.86709 -2.13286 1.04338
3048 1.89412 -2.10583 1.0799
3049 1.92462 -2.07534 1.02852
3050 1.89771 -2.10225 1.07163
3051 1.92701 -2.07294 1.03471
3052 1.91147 -2.08848 1.15037
3053 1.97943 -2.02052 1.06006
3054 1.94505 -2.0549 1.00932
3055 1.94636 -2.05359 1.02835
3056 1.89187 -2.10808 0.940136
3057 1.88055 -2.11941 0.935643
3058 1.83582 -2.16413 0.934747
3059 1.88293 -2.11702 0.932974
3060 1.84246 -2.1575 0.991486
3061 1.85708 -2.14288 0.940107
3062 1.91059 -2.08937 1.05446
3063 1.84894 -2.15101 1.02263
3064 1.84773 -2.15223 1.08548
